55,7789
116,3334
26,9471
45,1893
28,6920
154,4039
104,9343
10,2699
7,8400
9,8559
38,7154
139,7989
106,0206
31,9312
35,7897
35,1235
17,6696
7,5256
1,0751
0,7137
164,9032
42,0682
151,9271
155,4694
65,8295
108,4278
31,9092
93,1833
0,8750
45,3463
34,5656
0,8305
156,1607
61,1556
41,4726
27,5994
27,4236
0,7142
11,0870
202,7123
221,2989
178,5985
0,8750
59,9565
36,5503
37,2834
11,5412
12,0250
1,2243
1,6239
96,3711
47,4332
52,5863
16,1395
25,0303
234,2725
226,6660
52,6981
20,9029
60,0047
36,6893
22,0207
12,7274
0,8656
1,7161
3,0649
86,6630
0,8750
65,5380
0,8750
56,9437
0,7774
24,3164
236,0147
7,1569
48,1932
37,8602
5,7232
14,1649
28,5245
11,9586
7,5240
99,0773
129,2112
108,6635
95,1495
81,8285
23,0744
17,3792
18,2479
119,7090
97,6524
30,9340
126,1185
64,0469
107,0721
36,7068
52,4412
1,2661
237,5498
89,5214
5,3079
14,2000
21,6700
5,5204
12,1359
0,9665
117,5702
1,5804
2,0798
54,0059
126,9565
42,1930
9,4019
1,3786
7,7609
3,5115
26,1180
0,8750
37,4706
227,3050
203,6467
217,8016
243,6486
5,6496
8,3338
6,7932
137,6542
68,1720
126,1861
36,2975
239,6634
5,2447
12,3986
26,2376
151,0500
119,0583
51,6867
247,3341
242,0843
178,6262
156,4467
55,5663
36,2381
27,2295
226,4594
171,0674
158,3195
21,1694
96,9079
1,5968
157,3446
242,0329
50,3127
89,4499
237,7503
244,2865
2,4016
78,4824
1,7386
1,2563
38,3380
3,5263
73,8575
41,1192
0,7022
3,6104
32,8269
2,6765
0,7035
1,0722
2,5333
3,9646
112,5314
6,2341
103,2728
50,9079
14,6253
10,8013
152,7639
86,6727
46,8898
43,9948
41,2565
33,9362
28,3648
1,2534
110,9222
5,0340
9,1256
65,6048
40,8959
28,0457
1,4141
248,1499
247,3750
235,7024
167,3066
33,7749
95,6826
1,9298
4,2312
74,3748
75,5952
44,1709
39,7065
31,4161
247,1529
194,9383
11,9084
77,7779
13,6893
36,4017
12,8644
85,0824
83,3503
70,7926
69,0243
56,3941
34,2248
42,2431
109,0981
130,7343
97,5464
73,6377
44,1780
40,9503
40,7992
31,3463
1,0913
91,9160
85,5585
46,2670
42,0296
39,7681
26,4172
1,3781
245,2212
106,7991
206,8164
32,5407
3,1983
1,0824
13,0304
22,7448
39,9680
33,2209
27,6475
0,9456
76,5083
58,5218
30,4570
34,5350
13,1890
7,2207
228,9012
247,8938
1,3316
7,5146
247,9131
141,0213
113,5571
112,8825
8,0435
79,9131
73,1614
26,0754
76,0398
70,6922
41,3486
37,9893
31,9333
28,0774
10,5928
1,3066
2,7605
50,0375
102,7484
83,3659
73,2141
61,4515
48,3689
247,2177
155,7246
2,9560
3,5977
2,8758
0,9311
94,7879
10,5834
12,6746
48,2347
9,8477
86,3660
47,1454
0,7204
165,8848
121,7784
87,2390
123,7879
52,0740
243,9642
212,7875
220,8660
163,0742
88,1552
32,3867
20,9439
1,2060
154,1510
115,0208
78,1303
73,0942
51,8265
10,7877
226,3499
195,0716
174,6315
25,1741
16,5913
20,1730
230,8120
0,7203
78,0616
23,8405
11,5765
14,8067
91,0866
0,8750
217,5805
0,7187
171,7843
186,3752
100,1929
0,7216
0,7330
41,6380
39,2976
18,5839
34,6989
207,8851
137,0192
58,0611
88,0372
56,0587
132,0700
103,7085
126,1405
4,3854
29,7569
9,9196
8,8009
1,6726
2,0545
178,0004
13,4350
124,0127
76,6958
5,1006
9,7693
84,1747
77,8093
37,3547
15,9831
26,3266
13,2579
154,8205
6,3868
14,4639
22,5708
56,8132
37,3611
25,1767
1,6344
8,1169
70,7883
42,7280
39,7349
27,0444
24,7612
82,6545
82,6017
121,4894
243,6123
2,6822
40,0981
40,0006
24,3960
26,1877
57,4671
44,0304
3,4497
237,6467
236,4750
218,1766
149,3781
1,1382
8,4051
11,3036
24,1335
6,8553
4,5365
17,3939
24,3310
12,5880
245,1138
6,4054
1,3236
0,8092
233,4298
4,3384
247,8745
243,1262
7,0433
17,5627
20,6392
3,6510
10,8815
0,8264
0,7949
245,3646
246,9529
0,7368
22,2385
4,2369
13,3723
247,3431
18,6832
21,4346
21,5332
246,0209
65,8376
40,8663
238,1403
0,7726
244,3625
1,4010
191,4510
129,5513
50,6950
39,5434
69,2597
50,5546
34,2915
54,6878
41,1777
24,4552
23,5479
20,3031
15,3288
246,5294
246,3835
63,7726
38,6819
242,1949
242,7396
0,8416
48,8820
148,5948
50,3357
56,5436
48,4117
34,6477
31,8772
23,4975
15,1670
233,2686
235,6678
214,5588
63,8238
30,4184
31,5667
16,2577
240,6660
238,1464
235,2754
25,3681
40,3133
21,3466
208,7603
184,3761
93,1740
48,9735
77,4055
52,2064
25,6008
0,7119
197,5943
150,0499
31,1274
24,8488
13,6271
16,1338
38,1867
48,4756
43,4603
11,0526
168,2147
115,4953
88,5640
56,1815
30,1044
181,8974
112,3309
23,4137
50,3575
11,6349
180,3477
167,8141
107,3309
82,2529
9,4406
49,2866
47,9617
44,3367
44,6355
46,1750
0,8750
3,5041
1,0828
1,6604
2,5764
42,8844
41,0052
207,8700
0,7461
1,5989
23,9896
47,9028
30,9440
10,9187
3,1577
1,2132
18,7137
35,3674
35,6654
23,8029
1,8370
162,2132
3,9906
106,2065
74,6884
42,4441
35,3523
8,3233
0,7022
181,7462
0,9133
69,1143
40,4493
27,0629
2,4830
242,7182
243,1130
5,8092
41,9979
28,6325
21,4039
12,1366
241,9111
111,9096
80,3769
45,8480
36,4028
26,2938
19,9908
6,8877
0,8750
0,7785
58,1620
0,8750
69,7819
91,2290
6,0723
3,2552
10,1028
169,3018
1,0298
200,2244
0,8090
11,9561
67,1795
60,7331
0,8007
3,7059
0,8257
1,2640
0,8750
1,5391
0,7690
53,6619
8,1707
26,0162
5,6855
14,4732
172,8318
8,1340
204,6112
1,6735
229,5022
1,1379
13,2163
2,7888
78,6570
46,4229
74,7585
87,7562
1,3010
112,6843
0,9487
172,4572
242,4898
0,7069
1,9904
241,3389
0,7451
0,8750
0,8750
103,9686
159,8184
229,7590
236,6722
0,7742
17,6590
0,8130
1,7160
232,1642
1,9419
10,5011
31,6074
47,0826
4,6722
2,2805
245,7797
246,9768
15,8730
5,5878
20,1903
48,5499
25,9639
76,8292
3,7495
13,5205
0,8201
4,3475
238,5590
1,2104
246,0616
246,7741
16,5597
27,9181
60,8342
4,3448
243,9679
1,7693
247,1639
28,9946
17,6623
50,8603
66,2184
4,6131
0,7033
242,9255
244,1051
17,6491
30,9525
17,2483
38,4630
26,2108
21,1101
80,4509
1,7823
183,7529
0,9336
236,8037
188,6242
242,7318
1,0280
25,9613
17,5286
30,5291
34,9196
7,2450
125,8468
220,7355
10,5824
17,0863
21,7167
90,1932
167,7125
0,7340
241,0164
8,1492
7,0750
16,5597
45,4831
30,1483
47,2143
0,8893
93,0398
0,9963
233,4748
241,7320
237,2842
5,0205
2,1192
7,6763
5,4997
33,5734
33,9299
8,5283
61,3208
43,6831
155,2053
6,9592
84,3643
166,4856
4,1509
107,2718
5,1540
0,9609
151,1462
237,5305
208,4169
146,3809
12,4310
7,5250
23,3648
34,3712
18,1162
27,0503
85,6091
1,5989
152,4990
0,9192
154,5852
113,4848
230,1310
1,0309
12,3225
3,1528
25,9370
40,1849
42,3780
47,2892
135,0225
102,1196
0,7416
100,8251
232,4822
163,3729
1,8782
183,3420
15,3770
39,2385
51,6399
0,9510
1,7143
0,8593
245,6206
12,8201
4,5603
0,8750
38,0781
25,2587
28,0497
38,0797
67,1830
68,5933
179,9893
2,4846
10,0174
218,2926
1,0604
2,4324
225,1884
1,1168
1,6328
223,6924
0,7177
0,8826
14,9868
9,6059
54,9132
59,9282
10,8069
103,6934
132,4179
0,7525
181,2422
1,4132
191,1362
0,8020
0,7236
0,7206
13,7090
0,7167
0,7280
168,3907
89,9124
34,0294
1,3306
1,9025
1,0733
167,8951
115,1831
28,1977
0,8750
1,4477
1,8184
0,7114
1,7101
117,3142
88,8764
11,0468
242,5318
1,0611
132,4681
5,6871
49,3472
25,8648
10,3575
1,7694
1,5573
1,5914
2,3565
16,2400
142,9343
245,0287
154,2027
52,1964
50,1530
165,4170
3,1686
94,4177
51,8537
2,7890
185,7639
126,0671
53,6716
27,9816
13,5035
231,3713
191,8474
143,6901
155,1369
4,9638
13,1929
17,6033
23,4020
248,0253
2,0247
239,7998
230,5152
38,3430
69,2256
22,0452
0,7997
244,5472
243,0761
224,3534
155,5346
103,1504
61,8541
1,0896
245,4456
211,1503
3,7765
134,6941
52,6344
31,9828
0,8267
0,9661
1,2129
0,7442
113,4667
76,6643
58,2854
247,5155
1,2833
2,4765
0,9526
173,6825
61,3689
136,8494
237,7006
8,5535
189,6263
0,8750
0,9965
0,9430
1,8236
128,3813
67,8291
12,0680
1,4148
1,3287
4,0994
212,7671
76,8884
56,8879
8,3944
0,8750
233,5626
0,8377
1,4973
161,9969
105,5194
74,6192
189,1978
115,8600
143,3100
217,6963
3,6088
121,6926
138,4405
46,2809
236,4514
2,0868
95,0903
10,9616
133,8839
106,7455
14,7740
247,9665
27,8181
94,1324
31,6844
23,8047
243,2708
239,7784
13,8425
185,9144
130,3156
110,9421
70,7812
184,1639
151,9635
115,5702
1,6486
1,0533
1,5035
19,8641
37,1856
24,4454
238,5711
216,8148
215,9603
108,2278
84,1289
104,8105
247,9180
2,0807
0,8381
1,9060
52,9153
15,7055
0,7021
0,8261
8,8440
49,9991
28,2029
51,0226
2,0309
6,1031
10,3666
40,8552
29,0662
27,5503
241,7786
38,4607
47,1673
14,6646
21,0785
236,7446
217,2632
171,0008
120,8584
106,5984
50,2870
42,7825
7,6998
198,3669
3,4090
77,0442
32,3098
52,0470
27,6391
3,3532
0,7042
1,6681
2,6780
4,6572
89,7276
36,5821
0,7039
3,4870
3,6916
191,9558
126,4954
48,8765
0,8750
0,9971
3,4080
154,9590
56,7985
29,2062
32,6625
29,0713
0,7025
206,5056
102,9774
37,0059
77,6276
75,4607
21,0770
1,2056
3,7936
6,3538
11,8514
41,8512
24,7141
3,9185
1,0005
6,0761
10,6805
4,7029
15,4886
21,1833
30,4318
3,2233
101,7345
96,3619
59,2463
37,3059
14,6631
0,7474
54,7096
67,8536
27,3101
16,3806
9,0110
101,6996
90,5946
65,2069
51,0245
46,6697
39,7068
29,8270
0,7981
106,1807
62,9788
92,0560
69,0985
35,6276
27,5598
103,8439
115,3014
103,3758
86,4006
66,5604
61,9058
27,4230
9,0226
148,4069
117,3643
100,1640
102,2281
34,9572
28,3813
53,0174
84,2368
93,6825
77,4417
21,0392
49,1510
30,4670
228,4738
108,0517
87,8683
33,5610
31,2105
12,4811
11,6259
69,0566
68,2698
58,8868
60,1561
38,2596
20,4229
15,7869
245,2175
230,3373
196,0952
101,5433
88,9799
37,0787
10,8767
0,7418
7,6217
13,8812
22,5371
35,7555
28,9538
18,0050
125,9117
82,3351
90,8142
70,7414
60,6462
48,4148
45,1234
137,5571
68,3287
74,3005
49,5291
15,8586
13,3116
8,3468
193,3044
0,8642
186,1199
38,1837
131,8371
72,2009
41,4312
2,9489
95,6679
74,9774
36,3682
42,2225
26,3353
20,6454
88,2899
154,4454
113,8826
98,9976
52,5967
45,7779
25,8754
0,9092
72,7302
73,4935
75,3215
44,6392
26,7838
16,3832
0,8392
1,8960
63,4570
80,2208
34,3801
27,9663
39,5212
74,2388
63,9667
66,6266
8,7045
6,7987
8,9209
39,5491
107,3936
92,2519
77,8630
2,8449
7,1254
0,8135
36,1341
1,3802
5,4399
77,8304
68,1468
55,2517
47,6388
45,8038
118,7779
132,6746
2,0150
60,7376
45,0181
37,4109
30,4414
2,9416
6,8579
73,4396
50,0376
39,6295
31,6823
33,4000
4,2034
105,2882
81,1234
64,5917
55,2360
41,7373
33,5237
1,5444
4,1677
14,5015
23,8443
65,9007
42,2201
87,7089
6,4878
61,9780
49,2000
40,1427
33,1554
28,1968
108,3962
74,9631
63,2193
58,7760
33,0519
21,2222
30,1991
63,9041
44,4767
25,8361
39,7679
29,1702
23,5384
22,5434
90,3093
86,8409
62,5213
57,8378
45,6091
29,1376
27,7540
56,6603
100,7351
75,7598
46,9491
44,4498
36,2555
30,2565
3,1352
122,6425
131,7272
65,0497
42,0899
33,0948
25,0552
74,8997
56,1573
64,0759
36,7648
26,9637
21,7759
14,5799
72,3576
76,0165
100,4303
51,5954
27,4430
23,1545
17,8377
81,0820
91,8647
1,3217
8,7376
18,8248
19,9404
172,2328
73,2694
0,7328
1,4440
51,9280
1,7967
139,8952
3,1775
4,1361
1,2065
238,7907
2,0832
0,7026
21,1323
7,5467
143,8582
58,4466
244,7423
247,7235
1,2923
4,2583
1,5086
0,7025
241,3405
246,5948
53,6502
43,6516
138,1923
2,4240
18,2783
1,2046
244,2594
23,3757
7,0689
4,9160
1,1504
14,2177
66,4424
9,4350
11,9010
4,5245
1,8254
0,8410
23,2809
113,9973
6,0282
4,7714
1,6368
0,7288
38,4583
117,1107
5,4878
11,3535
6,0696
0,9060
8,8813
2,3670
75,1084
137,6800
153,5618
1,8386
78,3560
1,0284
0,7116
248,0074
56,8040
19,2753
4,9487
11,7015
1,5154
0,7712
247,5047
20,1489
5,5179
3,3388
1,1013
3,3207
239,3638
72,5315
120,4920
0,7034
239,1851
210,1999
211,6061
1,0729
0,7572
1,0431
111,3431
239,4456
1,3231
244,8560
23,7629
1,3906
2,2528
246,8276
55,7479
4,4773
4,4336
55,3958
3,1546
1,8632
237,4980
1,7250
2,0668
244,2186
248,2500
38,0258
47,0427
2,1392
31,0328
1,0397
244,5307
1,3897
2,3482
0,8982
0,7020
230,6981
240,8961
38,1514
46,1649
2,6551
10,6607
241,9266
16,1782
28,9109
92,3565
152,2462
3,3708
2,5856
247,3769
44,0254
86,8543
182,0545
3,8584
0,7031
52,9218
248,9884
5,9066
6,5866
0,7023
9,8183
44,1782
59,7665
6,5848
11,1648
1,5365
0,7015
9,7244
62,6142
106,9660
1,6135
2,2764
0,8025
22,4109
1,8579
0,7499
1,8889
0,7583
9,0699
0,8750
9,8715
0,8750
68,2136
10,5877
29,5155
35,4523
3,4464
19,7590
12,0198
5,8978
2,6229
0,7578
247,8612
21,7054
60,8953
4,9702
12,0412
3,2055
9,5798
2,5245
51,6247
85,7969
85,9106
174,9229
5,4534
76,0774
9,8488
6,0242
0,9578
7,2789
6,3300
5,9402
1,7344
247,6535
44,4956
83,3208
25,0348
226,4667
230,2620
2,5287
248,6516
95,4984
31,2507
60,6558
0,7013
247,7915
48,1823
13,9501
0,7187
2,5940
3,6134
1,2934
54,0030
1,3732
2,3126
2,1306
1,2076
24,0869
8,0804
2,5775
3,7179
3,5154
1,8415
3,3429
4,5296
1,2152
70,3831
1,0961
0,7258
0,7012
8,7579
5,2029
0,7039
245,0076
247,4577
43,2234
128,5645
168,0196
14,4841
232,9431
243,5721
25,4601
115,0267
4,0164
0,7593
31,5529
89,5022
144,9201
9,3775
9,0910
1,5097
0,7421
88,4932
173,6095
0,7210
1,2881
238,8117
1,8849
47,5830
214,8523
81,3757
128,0430
231,7528
2,8185
0,7010
1,5689
0,7010
138,0848
104,4351
2,6262
147,1119
2,9510
0,7027
0,9731
1,8280
0,8665
0,7012
0,7005
50,1447
247,9243
38,8685
32,9936
1,3426
162,4206
173,2698
0,7043
119,8381
93,8909
71,9961
43,0552
48,4623
140,0980
204,3676
227,4656
240,2722
246,0467
53,5281
9,7416
3,7041
0,9933
0,8750
78,6195
7,9911
4,8700
12,0148
4,1907
1,1955
1,4142
34,5089
151,6839
2,6377
1,3305
0,7496
0,7016
3,0126
152,6353
2,2049
11,3283
0,7077
242,1610
94,2384
125,7118
1,2092
10,9781
0,7093
1,0237
239,1999
247,1610
0,7005
249,0772
80,6144
5,5503
1,6222
5,3267
0,8648
247,1444
248,4987
7,1690
6,0188
0,9151
0,7047
245,2781
246,8502
81,7662
39,0535
3,9546
28,2082
22,9142
98,9429
24,2335
247,7360
247,7494
247,9054
248,2949
247,4180
248,6096
246,3505
247,7421
248,2321
248,1496
247,5518
249,1250
248,9135
248,8472
247,2254
0,8223
247,5163
2,1128
246,9964
50,8628
245,4389
247,1526
247,8908
248,2213
247,9079
247,7500
248,1454
246,5877
247,5984
248,2886
249,1250
248,1270
248,7863
244,5970
247,8643
249,1250
246,7373
1,1100
1,3520
247,2198
248,8702
248,7897
248,7920
1,2928
247,6688
246,5338
246,2661
247,2503
247,2014
247,4862
247,5425
0,7011
0,7207
0,9099
249,0129
247,8450
0,7010
248,9538
0,8147
247,6234
248,9186
249,0686
247,3248
0,7405
1,2115
82,9386
247,6793
0,8569
247,0811
246,7774
247,3679
246,2103
247,4785
250,0000
248,2155
247,7445
245,8482
247,1535
248,4888
247,9604
0,7005
230,1395
245,7368
0,7005
248,2500
239,3599
0,7011
249,0614
0,7005
247,9331
249,1250
240,8441
246,1934
246,8705
237,8793
246,8113
0,7543
0,8656
0,9147
57,4097
0,7005
0,7005
22,2610
33,7282
6,8562
38,9849
2,9133
2,0410
5,7752
5,6284
12,8891
2,7386
1,7664
0,7961
4,6267
55,6669
123,8995
5,6774
0,8081
64,2285
82,3037
14,4999
2,4952
1,6300
1,1669
247,2417
0,9374
246,2319
4,2137
85,6787
1,1674
49,7120
6,3132
243,2557
248,0889
33,5023
33,1411
11,2182
4,5634
1,1602
36,6727
43,2247
247,9531
247,8570
243,5880
247,9526
246,3162
0,9396
246,8475
0,8924
243,6728
247,0744
245,4217
245,3542
245,1345
247,8038
244,8377
246,7532
247,4635
246,4080
246,8847
248,2888
247,0592
246,9479
244,2705
246,5025
247,3625
244,6910
247,3354
246,9344
249,0011
247,3196
248,0050
248,0570
247,2274
247,1841
221,1807
0,7623
0,7022
244,3169
52,8140
50,9933
49,6623
239,8999
242,3882
0,7010
244,3862
248,1356
246,3374
238,6698
246,0304
243,3755
2,6629
245,4271
246,5665
246,6590
248,0778
245,9975
241,6752
245,1045
3,7227
247,0331
0,7035
0,7054
1,5325
1,9572
243,3317
247,1062
1,3214
244,5535
247,5436
5,3510
242,6410
244,3911
3,8015
3,8621
246,7368
243,6037
1,6499
0,8204
245,4875
247,4040
2,7813
0,9344
248,6455
247,2652
0,7015
1,4366
0,7015
246,4504
249,0853
249,1250
248,1618
246,7311
245,8271
246,4107
247,8134
244,0784
243,1672
231,6017
50,3934
5,1776
3,1448
237,9762
241,9976
2,9680
240,6244
246,3589
246,5699
247,7927
242,8025
243,4389
247,7806
246,0824
246,3576
249,1250
244,6969
246,6831
1,4027
0,7017
0,7405
247,7442
247,0696
0,7017
1,2785
1,4976
0,7037
0,7706
224,5618
0,7017
246,4790
0,7610
0,8799
0,9415
247,1750
0,7015
246,4475
0,7010
1,0870
2,0267
0,7685
247,1811
0,7005
1,0803
0,7013
0,7605
0,7015
1,9829
245,9561
1,7071
245,7988
0,8075
1,3688
1,2383
156,3289
202,0457
245,0068
1,3828
1,4075
246,8919
246,7827
1,1128
248,2500
0,7010
247,9741
246,9358
5,0650
1,5477
4,0102
4,9149
0,9826
244,0909
31,3439
29,5087
56,6864
21,6008
207,6341
2,8969
238,3324
1,2013
246,8411
53,0964
74,3833
7,7487
9,5580
2,1161
1,7459
1,7691
92,1446
5,8839
3,0555
2,5806
4,5976
247,1443
1,5901
58,6777
19,2362
31,2103
56,1755
36,7446
79,7494
5,0633
111,7568
0,8343
15,6735
3,4438
1,9117
0,7010
246,9580
33,3181
113,0347
1,7624
5,1404
0,9804
0,7005
59,7830
145,7850
10,1040
8,2728
1,7123
60,2824
209,7349
16,0631
4,1186
0,9005
0,7459
35,1690
1,7383
1,7825
9,4183
2,8689
0,7015
6,3021
74,8251
3,4765
1,3699
2,1295
0,7876
24,5444
38,5146
0,7030
240,9407
0,7048
238,9617
239,8617
241,2769
245,6957
242,2018
240,5000
247,8626
240,4228
241,2258
243,5305
246,5734
239,9378
242,8645
240,2439
246,6727
242,5058
246,1648
1,7264
5,5845
246,4018
244,0807
244,1746
0,7162
0,7414
245,8190
246,3868
246,5144
248,0358
247,3873
246,3918
245,7987
193,2544
243,5670
242,8298
242,7973
0,7010
238,3398
247,1491
248,0491
152,6686
236,5143
242,5630
240,6612
247,1650
240,9195
1,3657
247,9318
4,4382
2,7755
247,1333
243,8950
0,7535
3,2173
245,7805
0,7015
2,3103
245,9205
2,2628
247,0933
245,8786
0,7010
1,0922
1,0134
1,5195
0,8752
0,7025
234,8996
2,2995
3,6106
230,4297
241,8362
244,8259
1,8446
237,0021
233,1534
241,6757
242,0681
1,6681
0,7090
2,9203
0,7049
0,7122
240,1148
243,1729
6,6048
244,7659
0,8379
0,9881
239,3879
7,1132
6,8196
2,5595
1,4908
1,4641
0,7044
4,5336
0,7026
0,7077
2,9592
2,3011
0,9915
2,3369
0,7028
6,0514
0,9163
239,8570
1,4620
246,6053
244,5581
246,4020
0,8158
240,9739
220,6671
244,3603
209,6111
189,4383
1,1218
181,0035
167,4495
246,8761
0,8070
246,2411
206,5743
246,9011
1,1093
240,8555
247,2315
0,7438
7,3322
1,3453
0,8216
242,1506
3,9613
233,7459
1,4170
4,5756
0,7086
0,8014
1,4447
0,7018
1,2155
3,3670
2,8661
1,2780
2,9054
1,2408
0,8655
0,7637
0,8531
1,2099
1,4563
1,4137
1,0745
1,5716
1,1275
1,4674
2,1181
7,4513
3,1282
1,4097
1,4577
1,7128
2,1405
1,8740
1,0434
3,6773
2,3270
3,4845
0,7941
1,5048
2,9656
3,5033
226,1217
165,1996
220,5981
243,7170
243,1563
242,7986
243,4066
0,9328
0,9254
248,2426
0,8622
183,5491
0,8544
1,0874
247,0568
43,5491
0,7056
235,4292
4,6136
231,9317
230,5310
0,7098
239,4148
235,7209
242,7548
0,7103
232,4533
240,3799
206,6855
2,6270
220,4566
228,4957
1,4911
0,7061
236,3870
226,6877
4,0148
1,9823
11,5740
7,4424
2,0790
2,4882
242,1835
0,9862
1,2860
2,0827
0,7040
2,8520
3,2571
240,9824
1,6228
194,5778
97,2902
244,8504
214,4491
0,7027
2,0128
2,8351
2,5337
1,2283
1,0014
0,7468
0,7533
231,9687
0,7016
0,9042
0,7940
209,2032
0,7021
1,1212
0,8131
5,1452
0,8040
0,9042
1,4732
3,1581
1,2269
1,1448
0,9649
2,0446
9,3227
0,8163
234,6189
237,8406
4,4411
0,8577
125,7941
108,7986
1,9653
3,6320
7,9980
120,2080
2,0154
0,7180
168,1976
0,7707
231,0819
0,7411
222,0786
208,7628
1,1845
4,2859
3,7735
1,3793
0,7122
1,0350
0,9768
232,2397
6,3388
0,7299
1,6535
1,0812
184,1021
3,7331
0,7137
1,1973
1,1108
0,9638
1,7311
1,4538
163,2284
9,0688
2,2884
0,7085
0,7670
6,2440
0,7043
15,9829
3,1546
0,7206
1,3298
6,1634
1,0006
1,1973
6,5604
165,4206
140,4615
1,7245
2,0278
129,7934
1,3383
247,5684
4,0079
0,9386
1,1246
247,5552
1,1605
0,7015
0,8237
2,4531
2,1386
7,1647
0,7023
4,2219
5,0894
15,3163
5,8987
0,9029
1,0731
4,5036
0,9534
3,6849
1,4880
119,7153
114,2199
2,2655
2,9125
1,1244
6,0821
3,8265
4,5040
7,2887
2,7465
1,2660
1,2252
1,9421
3,0644
2,1753
4,5113
3,4146
6,6492
3,2609
6,2772
6,9623
4,9583
0,9672
4,6040
3,5700
9,4802
7,2706
3,3734
1,2844
1,1624
0,7842
0,9194
2,7022
5,4412
8,0059
7,8021
1,6603
201,1186
0,8596
1,7407
239,4374
128,3710
164,9280
0,7406
2,2720
1,3728
245,9969
0,9614
246,0752
1,6843
244,4192
0,7104
6,0171
1,0900
3,7061
234,0925
229,3512
1,7709
1,0667
245,1098
69,5558
1,1451
0,8819
4,8498
2,5662
0,8922
248,1587
39,6753
11,8777
1,0875
235,2072
243,9938
1,2356
41,3161
21,0901
31,3414
45,8609
42,5211
8,9269
93,7497
3,0663
0,9637
7,8515
3,0265
1,7062
0,7814
219,7523
221,7473
177,9670
210,3888
216,1395
10,8031
26,1067
1,0020
170,4756
5,1345
144,7160
202,9909
6,3431
1,6638
13,9610
1,3588
8,4493
15,6079
33,1428
1,2010
2,8483
1,4421
1,1318
7,6887
15,9557
221,7811
18,3134
10,4415
192,5424
16,0497
181,6031
119,8190
39,8938
90,1646
1,8241
4,3284
0,7072
1,7889
7,9226
6,1452
5,9661
1,6749
4,3095
2,0418
3,5350
0,7165
3,6212
2,4117
8,4410
0,8988
100,1634
91,1409
1,6920
4,4985
5,0430
75,5666
81,2462
120,7199
55,9960
9,3524
40,9071
5,0895
60,2807
133,7985
96,1418
3,5245
80,6039
54,8579
96,1163
65,5732
69,8341
73,6908
6,5099
147,2853
98,8760
106,1942
6,9409
130,7515
1,7160
0,9262
214,4701
220,5308
7,3332
1,8638
0,7950
2,4714
187,0661
182,4449
12,4903
170,1549
19,0790
162,1516
132,1283
165,8425
1,6064
170,9728
3,5787
3,9463
176,7542
171,0868
96,5730
5,2954
175,9467
172,1937
115,6527
23,0411
18,9300
7,0294
61,7077
45,2970
35,6615
3,2071
1,4232
14,1535
11,2930
118,6558
52,3094
1,3340
1,2788
2,4963
14,3976
165,4814
2,3087
6,6445
4,9506
0,8377
4,0427
14,0743
19,8840
1,4933
11,2587
3,4060
0,7039
19,6664
53,5959
50,0007
13,7659
9,1248
1,3975
8,2445
49,7832
82,8476
0,9343
86,3681
79,3764
84,3292
3,2060
4,8284
10,7389
11,6221
12,6704
50,5134
10,7021
22,0658
150,4907
1,8481
78,9274
1,4362
59,1543
72,5609
13,4470
14,4112
19,6016
1,2590
78,0348
44,4332
59,3479
16,7694
57,2135
2,7129
1,5630
0,8991
2,3008
2,0479
1,4997
7,8733
1,9187
17,3557
15,1036
87,6183
153,1635
2,6583
3,2922
165,1773
5,3326
1,0123
105,2300
1,9807
2,3418
206,0477
5,3687
154,7533
3,6089
184,1464
0,7005
119,0109
180,1475
112,7976
130,9324
140,7564
134,5698
129,2557
91,8838
11,1967
102,5496
152,6766
139,7684
118,2550
0,8466
135,3831
7,5555
131,7480
51,4732
0,7835
177,7656
150,6230
166,5600
128,0212
140,1381
97,2382
149,4911
177,5642
119,3430
167,3133
110,8217
69,4471
23,2859
48,5648
4,2170
1,8447
21,5316
29,7904
56,0414
0,8199
0,9183
33,7370
10,8898
11,9867
39,2525
70,8944
0,8805
63,1900
44,9677
2,0056
61,1450
27,4553
50,1574
47,2763
42,0313
53,0448
64,4880
59,0201
41,3759
40,2269
9,4891
51,7564
48,6152
68,3161
171,7226
68,0337
50,4811
31,2754
29,6327
37,4053
0,8367
54,1926
28,2379
63,8468
23,6302
59,5633
55,1360
62,8499
95,0371
129,0158
132,7484
122,2692
139,8184
111,8486
171,4138
87,8475
109,0846
135,7837
171,8599
101,2443
162,5940
103,2092
68,5126
110,9586
151,3678
138,1649
128,7652
133,7922
85,9592
81,9592
21,2204
84,6685
109,0836
68,5932
74,6332
126,6525
73,7898
41,2535
17,1070
74,9184
79,3567
50,2899
112,2771
50,0847
72,6031
80,3175
45,3869
46,8460
3,4978
44,2216
8,4055
2,4923
31,7650
48,8843
49,4871
6,7051
2,2403
32,3322
30,2984
35,2096
23,5449
41,7502
29,0381
43,3498
35,8493
33,8020
41,2453
45,6730
51,5282
51,9769
28,4845
30,3587
66,2024
67,3816
38,1160
54,1244
100,7443
66,3233
54,1808
69,7761
32,6773
29,8311
44,8181
0,7758
45,7004
39,7811
45,5686
31,2649
34,2002
36,9523
82,8996
66,3122
61,9199
41,9924
49,9877
7,9553
25,8121
29,5985
10,0335
28,7530
40,3912
3,7005
45,1625
27,4034
44,2690
30,4202
50,3166
29,1687
50,0214
2,7568
13,1424
3,4103
1,6139
6,0883
9,0510
0,8464
4,9288
5,4931
0,8396
4,5454
30,1788
117,2549
1,9082
193,1052
1,7952
88,8098
125,1296
35,0396
166,9569
0,9226
0,9131
248,1323
248,8647
11,9245
9,7382
5,4448
4,8627
7,4109
0,7027
2,4872
65,3002
160,2531
3,2477
1,2580
27,2153
32,4576
57,2423
2,2524
0,8861
214,8349
5,3686
15,0846
94,4670
1,5857
19,8608
38,4012
47,3686
14,6207
1,6868
114,0630
244,9178
25,2809
44,5845
1,9109
1,8141
237,4866
4,4651
41,3423
63,3787
116,1135
87,3304
121,1836
30,2835
105,8021
55,0412
13,6477
17,9328
57,5863
50,3405
31,8590
38,8609
36,9245
3,4596
7,1093
247,1053
0,8578
2,2022
0,7020
239,0878
223,6281
157,3980
21,9068
33,7101
40,8221
27,9775
7,4473
1,8549
189,5063
190,2779
246,5468
38,3177
31,3138
43,2822
16,6289
6,4146
182,9380
32,8834
35,3356
16,6448
3,4698
1,3164
2,5378
36,6545
13,7883
40,2693
23,0755
11,1129
1,0730
198,0306
30,8524
40,9739
2,5910
1,3217
1,0470
110,6106
1,5895
34,5286
20,2670
13,1960
2,1771
158,1962
0,7744
45,1925
44,4598
4,7481
2,7154
1,9770
2,1507
1,6579
1,2170
0,9577
175,4011
242,3646
1,9738
3,8435
1,1078
27,8094
10,4919
41,8130
1,8651
4,3691
236,9727
29,7414
80,8979
139,2564
18,7312
50,4192
68,9280
92,1744
35,5273
80,6581
110,2611
72,3544
52,7023
10,0726
24,9713
107,2902
14,8785
118,2796
48,7417
58,0735
76,3129
157,1258
92,9160
99,7176
119,1538
95,2977
99,3241
64,4255
86,1897
99,8719
87,6214
123,8067
14,2556
52,4038
9,8336
27,8735
56,9556
29,1739
17,7275
10,8753
26,3043
36,3919
32,0827
12,5089
40,8444
23,0239
18,8439
59,0960
39,5394
29,5528
13,4904
53,1369
38,6076
13,0815
24,5234
32,1662
31,9944
29,9018
40,7909
24,5609
24,2111
25,2540
11,8160
23,9180
29,5080
39,8530
35,7151
37,8981
9,5057
2,0166
4,1384
1,2147
0,8750
34,5803
9,5043
56,0399
24,9158
33,3861
19,0388
24,2524
62,8685
97,2956
0,8750
0,8750
129,2501
81,2986
83,6029
35,3056
42,4926
58,9481
127,5174
64,9068
65,5820
28,6337
0,8750
43,9253
53,7573
40,0615
36,6357
41,2650
17,5387
19,7069
20,1707
43,3509
14,6911
45,7584
6,1489
10,9730
6,3641
6,4089
3,3517
1,8648
3,2047
2,7251
5,4791
8,1950
23,9083
39,5001
9,3818
32,7211
42,7670
10,2735
22,9649
7,4198
21,1399
31,7655
40,5339
35,3845
37,9018
29,9773
19,4842
16,4623
28,0053
7,7863
33,2274
16,9493
27,3280
21,9556
22,3596
18,9823
38,1160
30,6032
12,1063
15,4470
28,6430
22,0121
10,6197
39,6830
30,6078
20,8270
23,2253
26,1261
25,7474
0,7396
21,5112
6,4052
3,3780
2,0451
3,4939
2,5598
18,9359
9,6462
26,2708
16,4878
24,5919
16,8903
20,5250
7,1034
5,8302
8,1446
8,4870
9,2229
16,8329
15,1836
8,9034
10,0508
4,4656
15,6799
17,1544
7,9821
7,7917
48,1846
2,6237
2,1676
3,7401
17,7105
3,8515
14,2356
16,7997
9,9110
2,3996
15,5112
48,2360
67,8325
34,1226
8,9332
35,7195
78,9999
3,5873
1,9376
0,7028
247,9754
24,7701
156,2020
5,7413
1,2257
1,2620
13,0105
247,6295
14,8201
5,3427
1,3239
9,1167
46,8266
17,5332
10,8664
8,4796
3,1901
0,7010
32,5796
55,8796
18,5236
10,1143
1,3929
244,9950
10,3030
5,0736
1,5438
2,9025
0,7224
48,0697
2,0697
1,1662
35,8248
233,5156
1,1273
247,9881
1,9952
120,1742
129,9704
161,1479
0,7573
216,2050
208,1154
31,2788
49,0493
3,5589
2,0950
0,9954
30,5983
13,4237
122,5113
236,0970
16,5158
36,5614
22,8781
16,1385
8,0651
2,9603
243,0661
15,6271
44,0685
73,5623
0,8906
2,1877
242,0992
6,9426
36,4367
167,1976
7,3708
2,1905
1,0621
246,3004
20,5663
11,2323
4,4177
0,8536
36,4531
65,5144
12,3112
20,1159
6,3089
1,6699
0,7021
79,6919
149,8349
7,4738
1,9783
1,8688
0,7019
114,4474
55,7507
1,0581
125,6257
152,0095
157,0094
40,6803
243,2948
246,5453
0,7005
248,6528
1,1378
2,8345
1,0523
2,6099
0,9588
0,7010
39,2554
15,7494
0,9885
3,6506
240,1073
247,1300
108,5027
10,1136
0,7015
233,7682
247,3750
42,3321
1,7111
4,9113
22,4501
0,8857
0,7031
246,3580
8,2522
30,3646
1,7108
0,9516
2,1964
4,8974
0,7999
23,2741
0,9387
1,2943
243,8701
51,9357
1,2409
2,9801
1,3024
240,2952
247,2651
114,0469
139,9985
0,8693
81,8133
71,1694
70,7506
171,4012
113,2272
0,8750
87,0802
45,4077
27,3716
97,1649
73,0601
69,8955
50,0163
86,0721
110,3666
160,0722
59,9379
111,8488
71,2430
83,6675
52,6970
49,6430
31,1509
175,0704
106,5246
73,6697
85,2364
92,1506
54,4600
49,6931
88,1873
69,7909
80,1982
54,8194
43,6215
22,8592
45,3876
28,7943
23,2174
18,0410
35,6078
33,6255
46,6359
37,3013
23,9360
43,2680
1,2925
1,7604
1,5625
34,9258
13,0090
25,2434
13,6677
36,9282
21,7966
21,0304
20,8648
39,3558
31,1298
42,0724
33,3432
27,8709
34,9656
34,2561
25,7846
35,6782
37,3583
48,5545
31,0545
34,9939
18,5380
9,2054
31,8024
0,7623
42,0661
24,9320
33,8403
95,5514
24,3327
33,7998
36,2545
50,7111
55,7645
2,2193
0,8397
197,6075
112,5783
56,0935
69,8128
31,1770
26,3790
25,3984
130,7682
89,5158
44,7142
44,5397
38,6831
45,0213
108,1955
99,2253
30,7252
35,3144
33,0743
25,3752
18,5249
32,0582
59,7692
4,5900
15,8277
4,4830
6,0201
4,3731
7,3947
5,2528
8,0268
7,0474
46,8086
21,8719
55,3330
36,1997
23,0290
54,1460
43,9526
12,0010
22,4921
8,1483
22,3655
36,0054
7,8996
30,5306
32,7830
39,9920
32,2904
46,0379
24,0006
38,1623
27,9697
12,8175
36,2681
24,5358
34,2725
37,2123
20,9106
28,3731
5,5014
18,6482
28,9431
51,5944
32,8739
59,2183
25,1658
48,8459
19,8555
30,7090
37,8903
30,6705
32,4874
8,2828
15,2706
8,6662
18,9133
40,3961
34,9570
7,0958
24,9671
9,1550
20,4068
20,9864
55,5069
21,8694
6,6494
29,8812
7,2098
30,6897
15,3515
19,7239
13,9817
5,7911
8,1225
57,5652
28,4454
10,1453
29,0468
36,7450
32,3526
4,0482
6,5595
3,0247
50,5248
25,3438
3,4694
4,4368
3,3155
3,5006
12,8114
15,2744
39,4536
31,4570
0,8750
1,6848
35,5744
56,7637
189,7635
0,7107
26,7322
43,7428
23,2937
87,7133
139,9640
114,7294
1,4880
0,7025
244,3490
1,5306
13,0999
21,6443
43,5672
60,5066
1,5342
244,6770
247,7645
9,7644
24,9963
0,9663
211,4608
241,7329
246,7379
11,7647
248,9602
249,0869
249,1250
49,4997
12,3936
46,3630
22,5356
47,7599
0,7553
4,5772
122,8537
1,5198
0,7894
0,7029
247,8213
11,6390
2,5143
1,7881
1,1372
3,1830
3,3806
246,6332
103,4892
133,0579
0,9229
4,0447
4,2586
244,9549
178,6459
168,2044
19,1427
1,4821
226,6156
5,9380
91,8536
212,3404
0,9005
36,3035
22,8689
7,2458
1,2867
0,8439
0,7776
6,5414
2,5688
239,4758
0,8625
243,3568
248,2500
28,4155
32,2821
36,2699
57,4223
2,0360
232,2246
0,7377
23,7640
34,6285
45,9943
11,8895
0,9111
1,3749
241,3933
48,8668
2,8602
76,5710
1,9559
2,5149
1,3372
3,2864
2,6388
0,7013
31,7918
56,7833
45,5294
15,6030
171,6588
1,3628
1,4037
9,1368
1,6468
3,0181
136,0541
1,8645
18,3536
1,1630
24,2759
1,5953
7,7803
1,4730
0,8729
12,1842
49,4377
27,0317
52,1072
1,1276
3,5401
5,8714
0,8692
20,3735
39,2289
11,5328
22,0070
2,3525
0,8199
246,6806
9,0882
58,5197
120,6283
3,1669
3,4695
0,9735
244,8519
94,9262
2,9850
2,6205
3,8130
244,6827
248,7433
52,7916
244,5871
86,3130
5,0718
1,7106
0,7086
239,0974
18,8122
32,8725
138,9769
169,3528
9,3906
233,9789
70,9324
72,9926
105,7503
145,2367
221,1625
222,4822
0,8750
58,5627
97,2881
4,9346
131,5649
206,5098
10,1946
5,3910
1,8587
2,4710
0,7020
246,7236
5,9163
24,9290
5,9966
16,0727
3,8208
36,5035
38,8851
168,2209
4,5543
1,4949
0,7046
245,8709
24,1381
11,0417
4,4913
241,8961
31,2460
88,3586
22,2836
17,2959
4,7514
1,9703
0,9082
76,0913
125,2541
13,6389
1,6616
0,8629
0,7688
73,9125
6,2223
50,9828
5,5533
1,3795
152,0567
89,4941
3,5060
1,1344
244,5149
19,1361
16,5112
29,8754
55,3351
44,1123
16,1107
126,3212
0,7010
18,3368
35,1411
84,4199
2,0275
1,0071
247,4668
38,5864
27,6125
16,2663
63,9214
18,9323
48,9787
16,2636
33,7351
106,3278
186,7235
0,8036
225,7816
241,4665
25,7140
84,8334
0,8715
246,5949
13,9669
45,4636
80,3248
13,0864
4,6252
155,1534
242,2731
13,2532
68,3856
103,1606
128,4991
233,0188
243,7430
5,0459
185,2995
19,3920
174,4921
23,2230
32,8116
50,9396
0,7473
5,1815
14,0339
20,9374
23,3246
43,7186
46,4981
47,1554
63,3584
4,3818
13,8337
8,8921
5,4305
2,7589
1,5750
245,2270
2,5164
0,7447
2,1637
26,0294
25,1222
22,1699
24,4649
31,8686
58,5168
46,9021
35,9725
36,0597
39,1251
50,0232
60,9924
64,4180
68,1309
114,1956
130,2299
121,4280
56,1454
62,6821
57,0398
87,0611
90,6924
125,2337
5,6387
9,5022
0,7616
14,2010
4,1640
4,8328
10,0823
2,5901
1,4233
0,7503
2,8984
4,2665
2,8493
1,9112
1,2112
1,0820
239,1497
244,1005
0,7021
244,2781
247,5485
248,2500
6,5345
1,6956
31,6943
0,8750
18,5968
17,9248
12,1559
27,6846
24,9303
30,2456
35,7095
33,4956
34,5933
47,4594
61,2214
104,1975
38,1784
54,2444
65,2008
28,5423
2,8169
1,4717
0,7514
17,9729
90,6516
3,3584
4,1354
7,1540
7,1429
1,1992
1,3873
1,7335
1,3548
243,7248
242,6283
247,7290
16,3196
10,7473
10,4665
6,6339
33,0286
31,0892
40,2314
44,5309
72,4116
88,8878
52,3168
60,0828
60,0582
118,3074
148,6373
126,4508
1,5576
21,3547
182,1678
10,1365
10,2361
4,4353
2,4697
2,0688
172,4629
121,5813
1,0727
1,6320
247,6004
248,1956
0,7703
17,6376
17,2516
10,0927
4,8500
0,7760
34,5387
29,1796
28,4879
26,9235
24,9983
26,0454
0,8750
0,8750
41,9857
54,6405
58,4408
77,0555
76,9495
95,0116
78,6456
65,4804
18,8677
20,9107
23,7295
1,2768
174,8623
161,7588
135,5223
7,4695
4,8330
2,8993
1,7309
210,4711
2,2910
0,9081
0,9632
0,7005
248,1778
0,7502
0,8750
4,8121
0,7666
0,8750
28,2670
25,3475
25,1653
22,6843
20,9654
49,5811
55,7886
81,6352
76,9456
59,9813
24,6461
126,1425
17,8270
20,6010
133,4612
157,5971
133,9002
117,5713
6,9693
224,1162
1,9618
0,7489
11,6750
1,1985
1,1461
1,9076
248,2500
247,5844
1,0181
18,1692
13,2632
4,1929
2,0266
33,2068
27,3953
24,6143
22,8178
17,2476
48,0690
48,8059
28,3062
61,6827
62,9024
66,7389
0,8753
0,8750
17,9191
15,9838
16,7523
86,6709
145,3143
105,4027
84,8934
46,4204
7,3750
6,6192
195,7751
3,0059
0,8273
10,2357
163,3567
0,8316
0,7972
2,2096
225,1259
247,3160
247,5114
246,6269
9,7507
26,2008
21,4314
20,1700
15,0796
45,3827
49,0715
47,2703
41,5819
32,4377
0,8750
16,0582
15,1932
93,4165
96,9780
90,2348
57,0200
20,6845
6,3018
139,7807
0,7273
181,1343
157,8597
144,3398
104,4368
32,5695
2,0270
0,9271
0,7984
8,2580
215,1031
247,1579
247,7163
21,4062
18,1564
10,8061
48,7957
49,9354
45,0881
27,5182
0,8750
14,6211
90,1260
96,4397
82,9718
90,7576
50,1683
0,8041
103,7822
133,6143
184,4465
176,4843
152,5682
132,1192
92,8706
55,5898
1,3548
1,2625
1,3983
27,2242
15,7155
35,9993
247,2282
245,2683
247,3750
0,8750
13,7967
9,1306
3,4104
0,8750
26,1595
25,8244
24,8876
13,9465
0,8750
51,5954
52,8934
49,7445
53,1884
43,4789
14,5803
2,5616
20,0275
86,1558
78,2157
89,9873
102,3441
58,9929
12,5718
7,2908
5,1868
4,0349
3,8103
155,3321
134,7740
92,1960
39,6706
0,9859
1,6031
1,5335
2,4523
0,9188
203,7361
189,5556
167,0389
124,8178
247,0880
247,0093
1,5911
21,8311
21,5519
47,3297
45,7755
45,0016
23,9080
77,5541
14,2701
97,8819
87,2712
84,2121
61,8917
7,2189
5,5944
0,9770
160,5281
158,3569
128,2990
87,1857
66,8326
1,9559
2,9710
2,9978
2,4432
1,8705
1,2446
164,8168
122,1034
101,6090
1,3849
243,5251
239,9958
0,7616
23,1498
25,3643
7,5270
39,0316
46,8157
50,2249
37,9723
60,1783
80,3930
88,0829
82,9520
63,0834
44,7443
130,0508
1,2611
3,8754
0,8002
172,2617
134,1795
73,1833
23,7925
0,7386
1,8230
1,1170
0,9552
0,8474
1,0099
164,4605
95,1776
23,7092
246,8059
0,7018
1,3463
0,7038
8,4928
10,2430
28,3642
50,2063
30,8831
16,8159
57,7190
77,2381
68,1673
80,1263
68,1733
31,9790
0,8750
98,4663
136,1001
1,1556
1,2067
108,9693
67,1025
90,7102
235,4720
230,5434
216,8618
0,7755
169,7209
129,2582
151,8994
52,2762
232,9659
2,8035
1,3071
7,3994
225,5492
210,6944
3,4867
12,3901
7,5232
2,8861
25,7597
25,7619
15,4771
10,1802
0,8252
43,8302
37,6673
42,6753
29,5883
26,9665
5,3089
75,7602
63,8831
3,4593
63,5038
54,5048
23,5766
13,5685
137,7501
86,7170
3,3147
128,9777
138,6069
93,7754
46,1283
2,1653
168,4404
5,9772
212,0761
194,3739
163,1689
0,7343
102,6028
24,6284
0,7680
0,7019
241,5657
232,4969
16,2239
33,1089
3,8091
2,6437
2,7751
0,8750
0,8750
0,8750
109,5344
69,1242
0,7019
1,3993
1,3900
105,7473
37,6166
172,6912
16,2431
84,5319
0,8752
114,2008
11,7497
62,9378
176,7539
38,8197
0,7857
247,9183
2,5357
2,3338
235,1823
2,7518
1,3740
0,8597
4,8510
22,0517
11,8729
10,2032
0,8750
38,6299
32,4060
25,6243
24,2935
3,0281
64,1266
59,1782
59,2870
43,5000
54,1302
49,5794
22,3134
116,5699
123,2009
109,7963
71,0201
54,6190
78,9720
42,5134
48,9352
215,1120
0,7770
207,7431
173,9894
165,7528
138,6268
87,4001
1,2067
246,2298
242,3340
233,2219
225,8931
219,2132
0,7647
0,7012
0,7019
0,7016
8,0189
16,4492
7,9897
0,7940
27,4267
20,8115
21,3204
11,2624
43,7313
42,3276
35,6458
37,7560
34,3079
6,6430
77,3391
77,4978
74,4656
50,6760
48,7252
29,2051
43,3115
49,4472
116,9382
5,1640
118,6670
108,5333
102,7549
88,3863
67,6438
38,1918
56,9821
215,4445
192,6366
228,1279
165,9195
1,2483
177,8522
174,2663
245,7347
245,1476
239,8758
6,5186
4,7540
246,4589
248,6268
0,7022
243,7479
155,0304
0,7403
23,3164
12,6045
4,0485
41,2224
44,0442
28,9169
17,4774
5,3717
70,2102
55,3494
59,9113
53,9549
44,4823
33,1979
0,8434
137,0916
109,0188
107,0332
108,3869
110,5846
165,9875
198,3504
133,0754
211,4762
2,2378
245,6743
245,4923
247,1428
239,1379
241,3570
246,5357
246,0364
247,0616
1,5289
0,8118
2,7776
1,7384
0,8622
18,8469
13,9259
8,7008
0,8750
35,4109
24,3580
22,6316
12,2820
15,3910
1,0697
42,3853
36,4631
27,8871
22,1701
25,1661
25,4365
27,6094
2,4673
76,3389
67,7892
65,6344
64,5409
56,0065
52,4124
51,8542
7,1852
3,1286
110,0844
114,9549
121,9355
123,0113
156,7076
225,2385
133,9898
221,7604
2,6420
245,9988
244,0827
249,1250
0,7005
247,6737
248,0846
6,7611
13,3428
6,1129
26,2714
22,5175
24,2122
23,7750
8,5827
35,9543
31,6072
48,8386
29,8725
33,6354
27,2441
74,5733
58,3324
65,5860
69,9873
77,3757
70,9618
2,9944
118,8598
128,7993
135,1671
144,9595
0,7844
218,5035
190,5439
226,9450
245,1858
243,7098
248,1370
198,0421
2,5029
0,7901
18,4707
14,1157
11,1601
12,2927
10,9517
9,9568
7,5152
5,4766
39,8862
26,2114
26,1945
22,6658
19,6872
18,6331
15,9322
22,4155
24,1080
16,8305
21,8515
40,4071
44,0041
36,1052
39,1914
32,1684
45,3330
46,3025
46,5883
49,9002
47,0530
51,2606
51,5127
2,2420
59,6266
55,0800
76,8227
2,6281
74,5904
80,8160
80,1756
86,9768
87,8033
87,0971
101,1274
0,8676
0,7093
2,8059
117,7246
3,6513
125,3996
151,9362
151,1358
103,6755
172,5171
180,9017
1,9758
4,8491
223,7015
238,1754
190,9605
244,8092
199,1896
2,0474
225,0785
194,9129
237,0295
3,0230
4,5707
5,5578
0,8750
17,3366
15,0164
18,1259
19,9462
22,5611
21,5815
26,8919
26,7247
32,2829
27,3616
24,9178
30,7131
31,9506
38,2442
35,5387
45,6338
30,1768
41,6320
51,7799
50,9925
51,0044
61,9357
57,0161
65,6351
68,9678
68,0345
55,8471
1,5868
77,0191
80,3150
89,5830
91,0258
92,4893
84,9217
3,5339
1,2864
0,9146
144,1799
145,1724
153,4161
1,8463
1,1996
0,9066
2,6817
245,7838
246,9808
179,9056
203,8582
50,2924
205,9141
3,8333
9,1157
7,2345
9,5600
19,7483
17,4079
21,4967
17,6313
18,8939
22,7934
26,5357
34,6118
34,3117
33,5585
29,7156
32,8229
37,3970
30,2160
41,8068
49,1713
47,3012
46,6004
45,2418
49,7144
53,1211
56,7051
60,6701
64,6608
65,7570
72,6033
2,2321
68,6103
73,6521
77,7045
13,3543
16,1065
91,6495
23,6056
2,3121
1,5746
0,9178
109,6689
4,0037
5,0006
6,4183
3,9977
1,0168
0,8588
188,5816
0,7019
1,4656
3,9863
2,1196
3,2062
245,8726
241,9459
247,0666
244,6575
139,2134
3,4813
11,5779
17,3260
18,2482
21,1600
27,6589
32,5310
33,1786
29,8541
28,9782
36,2209
39,9008
44,1383
49,8331
55,2456
42,0407
39,1335
52,2670
56,8730
61,0818
60,4809
68,7308
73,7499
69,0328
73,3843
82,5371
92,5003
73,7253
105,0422
82,6889
6,1252
1,2633
1,1507
126,8391
2,8694
150,8214
2,4503
0,7807
166,7867
0,7286
244,0383
245,9950
9,1218
11,8692
13,0311
14,5498
18,8176
22,4146
20,9367
23,9678
22,5312
29,9025
34,5523
42,5875
34,9383
30,9514
31,3222
34,7656
42,0784
45,6095
53,1630
41,9836
42,5873
40,1150
53,5894
56,5444
63,4643
72,8007
83,4273
3,9024
2,4075
2,0495
75,5433
84,3532
113,3421
99,5954
108,0699
110,3780
108,4803
1,1937
1,2613
0,7059
3,1620
187,4930
0,7527
180,3276
0,8509
241,6143
246,1448
245,9400
20,9594
25,7049
44,8273
12,0594
128,6983
2,3310
0,7010
1,0812
245,5048
245,7151
1,1363
24,4304
24,5462
25,4425
31,2390
35,9442
34,6878
35,7753
39,2810
41,6497
49,9406
53,0285
47,2512
28,0074
21,0491
56,6729
56,4727
7,2005
82,9217
92,6488
2,1703
1,9502
1,1641
1,7109
102,8263
116,6770
7,3771
5,8304
4,8726
3,2913
2,0010
143,2986
2,2170
0,7317
227,9052
0,9023
243,3235
245,9162
130,7843
56,9583
30,7421
62,2384
44,3229
36,4464
33,0629
9,4673
11,4682
16,5633
21,5542
24,2262
25,0535
24,1354
26,7448
32,3684
10,5583
37,0656
37,6980
35,6975
41,5081
44,5383
48,7473
59,4621
5,1203
4,6017
27,2016
47,9381
51,7931
62,6639
70,9582
84,0092
18,2536
2,0975
12,3372
1,2676
2,6741
105,2716
106,5896
139,8699
4,2060
3,1813
1,0449
2,8645
1,7118
2,4983
2,1346
213,6892
0,9806
171,4984
2,5929
244,1752
246,0604
0,9391
3,6443
78,8059
64,9932
21,1436
9,5175
92,2381
26,8739
8,7669
27,3763
28,8912
24,8925
8,9745
36,1474
44,1706
35,9759
36,8346
54,0780
56,8462
4,5662
3,6972
2,9500
57,7730
67,0205
72,1344
87,2253
1,6789
72,9477
4,1422
0,9297
90,8814
124,7182
144,0435
0,7340
1,2035
2,2555
2,1117
176,5433
0,8568
0,9731
196,3667
245,9498
232,7383
2,6838
87,2153
48,2082
28,9572
24,5061
37,4781
10,9262
11,5807
15,5239
16,4882
26,3650
20,1304
29,6075
26,8036
26,6292
25,2144
10,2293
8,8993
50,8979
39,1049
39,5165
44,2962
55,0941
50,1939
5,1006
4,3942
3,3140
2,6923
60,0236
65,1720
76,2395
84,4998
14,7845
14,3844
1,4994
1,0530
1,5370
3,6795
107,6644
137,6978
98,8291
3,2680
3,5132
0,7030
2,1993
1,3528
211,7014
0,7066
224,4237
2,6512
231,4281
194,9476
62,5295
82,2231
65,8747
15,1982
1,1845
14,7670
17,7747
27,2184
28,5832
27,9239
30,6052
35,6950
48,6942
39,7106
41,7322
47,4465
51,5948
59,3980
29,2923
23,1598
2,4934
4,3900
3,9831
79,8208
88,5556
1,8533
1,3669
2,2917
1,9973
2,8002
113,1647
0,7670
1,8246
0,9386
0,9586
2,1840
1,0572
232,4932
170,6811
237,2958
1,9816
248,1611
5,1045
215,9505
173,5534
111,3747
138,8577
115,6989
5,7423
11,6430
13,2242
11,5377
11,6379
43,7703
27,2894
28,7820
28,0467
27,0917
30,3901
31,4076
10,7761
54,7689
47,0052
38,2945
41,8121
45,9978
51,8471
63,5292
93,2496
5,1465
28,9483
23,0641
60,1486
64,3566
75,9159
82,2108
89,8906
2,2787
1,7779
1,1914
2,4263
2,2262
3,7977
0,8642
113,6817
3,5430
1,0550
0,9551
158,5266
229,9021
233,8878
196,0342
1,8415
232,0374
126,5760
128,3035
0,8750
0,8756
170,9395
121,6075
12,3941
10,6741
20,1402
40,0028
28,6352
29,0513
31,6564
36,3524
32,3661
45,7345
42,5600
42,9515
48,2106
55,5101
63,1291
27,1463
2,8267
54,9043
65,0073
73,9021
82,6886
92,4443
12,3683
1,1878
2,7328
2,6728
2,9095
135,4003
3,3029
1,1971
1,2613
158,2324
153,5931
247,0345
231,4210
0,7247
1,1827
5,8526
140,1844
130,6182
125,7469
16,4063
14,4714
17,6906
20,8673
24,5541
27,7381
29,6478
32,8079
33,2738
32,4676
36,1470
41,7096
9,7722
55,3169
43,9747
43,1372
24,0943
18,2750
55,8514
63,9339
44,9889
4,6747
26,5337
21,3957
1,4578
5,0718
6,7266
3,5769
101,3539
15,9085
1,7305
1,2632
3,0802
3,2076
1,9984
2,1273
120,3985
2,4898
0,8122
1,3352
168,2020
191,2310
189,5716
238,1682
153,2268
103,9614
1,7484
62,5788
164,6633
126,0564
10,7224
19,5375
19,8049
20,2343
21,4878
32,2797
31,3926
33,0360
33,8744
37,1516
42,2446
8,6829
47,3455
32,8991
25,0018
16,7857
10,1391
9,7312
70,5776
26,2849
2,9691
16,0861
11,0379
7,2063
3,6804
0,8339
8,6825
8,6715
0,8314
1,1846
1,6908
2,5859
2,5005
1,8261
0,9790
176,4244
226,0072
207,2764
11,1274
25,1021
17,6134
19,0271
21,1982
24,1437
15,7743
12,1158
8,3766
6,0848
18,5375
2,4668
4,3902
44,8207
8,2856
49,7523
35,3748
21,0621
17,3861
1,2363
1,0400
1,2865
4,8695
3,8815
2,8532
16,0985
11,3225
6,0271
3,7070
1,7674
3,9692
1,6916
1,1579
0,7945
3,9062
1,2610
0,8490
129,9797
4,5074
3,3388
1,0411
1,8674
240,3062
201,1208
215,9661
29,5264
27,6572
17,7504
0,8704
0,8447
0,8750
0,7746
4,2224
0,7934
2,5265
28,7492
1,7636
0,7042
65,0657
7,9394
162,0339
11,6267
148,0374
93,9171
16,8029
76,1969
4,6893
0,8715
1,0357
157,5744
106,1832
25,6827
135,3244
21,5364
25,8276
21,8467
25,1564
36,0883
30,0691
63,5121
61,7646
41,6770
6,4632
36,5995
38,7955
8,8703
42,8883
58,0601
39,7094
3,1437
18,1337
9,8478
69,9038
8,8473
6,5277
105,1335
12,0880
6,5059
2,3329
1,6828
3,4598
136,2036
4,1113
1,7277
0,8920
1,5426
161,8166
230,2531
2,7426
105,6240
109,6714
52,3461
15,7635
5,0691
90,3219
15,9688
18,1750
14,3444
9,5875
20,5559
28,9791
24,4234
28,2572
22,6032
25,5180
23,8489
41,0597
9,5565
36,0387
37,9894
1,3682
42,4426
46,1054
63,2310
67,2711
4,6940
2,9211
14,2872
54,1629
59,7891
67,8353
95,5581
81,9911
2,0440
1,3715
4,7016
109,6075
119,1494
3,4891
11,5436
5,3694
3,3128
1,6900
198,5624
159,7657
245,1416
1,3714
222,0790
85,6033
29,3063
21,3861
5,4550
3,1085
9,2978
63,4535
8,0424
9,1333
26,9833
28,1672
22,9451
23,7294
47,5198
23,2404
40,4063
41,3139
49,1916
56,2447
59,8757
50,5795
85,0698
144,8197
2,7358
11,2280
65,4505
84,7508
83,5990
109,8557
105,1938
9,4602
3,3444
90,2323
135,7502
128,3089
133,6233
14,9709
2,4350
3,3138
217,1348
236,2402
214,1210
245,1087
245,2528
225,4768
2,3817
1,0790
38,9927
23,6595
8,3363
3,9524
32,4175
9,5777
6,7962
5,5016
9,0829
22,3486
21,7827
20,4876
30,4046
20,3994
26,3868
48,1451
76,7363
34,4220
34,0615
44,7370
50,1669
54,7311
65,7407
50,0008
61,2683
136,7248
4,4418
2,5409
21,5971
61,2637
90,3818
104,1507
119,4086
106,8402
51,4204
1,6430
1,0091
1,1795
130,8749
109,8236
178,9675
11,3321
18,4057
7,4128
2,4872
2,5725
234,6439
1,6754
6,1494
7,8492
2,0227
0,8174
246,9729
246,0237
9,6624
63,6479
54,1365
6,9048
0,8750
6,0559
16,3758
15,4640
6,8909
14,4388
26,2629
28,1389
25,7104
24,7321
31,4203
45,2595
40,4150
34,8907
38,9087
38,9928
52,8138
64,2951
74,8246
80,3236
114,1909
125,5844
24,3792
24,6967
78,1276
91,0428
85,5872
16,2666
25,5986
35,5646
49,6394
91,8264
2,1860
130,9260
1,0702
4,4984
1,7697
13,2371
18,3754
1,5788
3,9491
3,0217
1,0405
4,7436
239,7381
1,0930
244,8878
1,1633
78,9133
48,0197
4,7662
37,4312
30,9628
58,4207
87,6964
9,2789
31,8478
25,5169
19,3891
32,2561
22,3438
28,8170
51,6430
37,2531
34,1733
37,0744
37,8308
38,9584
55,2716
63,0246
56,2889
110,3088
128,0969
111,2824
36,0243
2,9753
67,8269
76,0394
92,3064
92,6761
8,8853
13,9615
1,5470
38,6795
2,1686
1,2203
3,2179
135,4607
3,3523
0,8517
1,9569
3,2390
0,7041
0,9357
173,5729
6,7956
52,1710
28,0725
115,8688
64,2040
104,1427
126,7988
52,5777
131,2361
40,5601
50,4359
34,0187
26,6555
3,8587
83,3440
6,9660
87,4995
11,9624
34,2928
60,4890
149,4017
110,7885
92,5748
78,3577
108,3917
101,1047
0,9086
0,7159
1,8721
121,5844
87,0852
57,7829
63,6279
243,2421
1,4934
4,7447
162,1534
33,2819
22,1678
3,8385
121,1596
132,8272
117,3342
33,6076
42,8278
24,4465
72,6812
247,2044
242,1155
11,5918
4,1577
64,7905
0,8750
116,0107
240,5124
10,6023
23,6737
2,9401
79,0753
24,2309
160,1147
247,0192
7,2427
0,9436
18,8882
113,8994
71,5215
142,2952
245,2124
245,7506
1,2027
243,7389
240,5478
4,1427
6,8622
246,5791
1,0732
0,7184
7,7246
2,2951
7,5612
37,5670
26,5177
31,0065
14,7932
0,8282
45,1339
45,2980
34,5474
36,0110
36,7337
11,0836
92,9421
12,9458
17,1572
83,7679
41,3187
74,5329
40,4600
21,0020
49,0971
20,7188
45,3166
2,1827
247,4127
241,6568
10,3025
24,9907
173,0177
84,1998
97,4300
248,1309
245,9329
2,8365
5,9970
111,1727
75,6301
15,6082
58,0016
97,1564
41,3098
57,1334
18,4107
16,5471
37,8649
245,8861
1,5515
8,2288
139,3465
46,1942
19,8306
40,6335
246,1837
194,7390
142,2799
83,9211
70,1323
44,2510
5,7645
185,1129
3,2699
1,1442
45,9747
2,4153
3,2886
3,2875
244,5037
1,3001
6,5955
174,6194
0,9209
5,3680
1,4226
237,8982
0,8816
1,8068
35,4931
18,2179
2,0697
1,5768
36,2512
29,0882
20,3090
15,4505
28,3046
39,0020
41,6875
15,6731
0,7843
14,4235
17,2380
9,0613
7,3614
0,7796
0,8590
1,3547
16,8745
42,3735
11,5765
42,6503
7,4146
7,9290
25,2258
37,6481
34,8956
1,1213
8,2191
81,9710
0,7562
47,4862
25,4975
30,9418
2,1641
19,0419
13,0187
49,9759
59,5928
81,7568
8,6941
4,8588
17,3185
2,6650
202,5090
2,8280
11,4672
1,6372
45,1362
8,2286
22,9342
33,0165
11,8504
7,7112
20,7699
194,3322
20,0407
34,1332
33,1856
16,9508
15,6365
33,1425
2,3989
3,9949
4,7433
45,9654
46,3708
35,3471
48,8089
166,3590
69,6544
54,3823
25,7083
36,1916
25,6541
3,5568
101,0649
4,8433
2,7332
0,7336
3,5466
0,7019
0,8025
246,3571
247,7088
184,4848
1,0397
0,7939
245,3916
1,6211
3,0089
10,3452
28,4271
47,9134
42,8618
39,1169
35,7454
0,7391
1,2524
8,4615
51,7423
28,7485
26,3333
57,6070
3,2129
64,4715
46,2106
46,9720
11,8942
58,4673
34,0527
32,4841
27,1914
29,3740
31,1423
36,0345
21,3663
29,5295
39,9606
17,9096
22,4518
19,4635
24,2048
39,7115
9,6231
7,1890
5,2946
32,1528
18,1235
210,1191
2,2793
33,6613
0,9160
30,1904
1,4975
2,3506
33,0902
4,7529
2,3082
3,3056
2,7853
1,6084
0,7463
66,8840
50,5286
38,2856
14,9148
62,0221
247,0760
246,5705
1,4707
1,3000
52,9764
3,1979
0,7015
3,0050
1,0899
4,3514
58,4665
107,1506
246,8826
0,7206
2,2448
56,0696
40,2813
32,0624
37,2850
243,4903
4,5396
40,6084
9,2532
21,6340
13,0386
17,0085
241,6131
1,1537
1,1439
7,8249
47,6972
27,3302
23,2942
10,7927
6,1316
56,1422
44,3026
0,9566
29,8510
79,9704
246,5980
0,7035
1,2743
2,9326
16,5916
42,2057
2,3548
28,2157
40,8456
22,7637
18,6563
0,8750
0,9121
12,8404
44,9695
43,3665
26,8723
14,7024
29,3595
11,6226
14,6423
0,7509
4,3909
0,7753
3,0596
1,4328
5,0651
9,6336
0,8750
53,3524
22,9435
33,1110
8,0893
101,8603
71,1541
51,6711
50,3525
35,2013
33,1135
29,1613
2,2503
2,6060
1,1086
24,1637
51,9451
43,4234
3,3089
0,8738
5,4964
17,2259
7,3773
27,3957
11,4537
15,1689
0,8167
0,9025
0,9113
33,2763
27,6502
10,0012
31,3304
3,2505
0,9031
5,5657
7,7533
34,6770
21,7457
4,3220
247,7331
243,5586
219,1760
11,5957
5,4844
12,0464
1,0176
244,7741
8,1916
37,8925
33,3765
34,5984
24,7103
36,3011
223,1480
0,7903
12,2394
0,8750
10,3247
5,9614
3,7435
229,8785
0,9049
173,7037
56,5829
110,1263
1,7393
1,9917
248,9422
247,8148
247,9833
1,1750
5,5233
6,0829
4,4113
2,8908
1,5062
29,1887
30,5814
3,3449
0,8585
1,5601
135,4903
96,0645
74,4131
5,3263
20,9973
4,4537
28,6649
3,5214
250,0000
249,1250
249,1250
248,2500
117,4713
247,7211
247,7135
248,0933
248,1582
209,3078
248,8844
159,4898
1,0481
0,9618
248,2500
1,1184
73,9366
248,4144
248,2500
248,2461
248,0702
247,1425
247,5898
0,8548
248,2500
249,1250
247,7929
1,7468
247,7486
247,4027
247,1873
246,9050
247,7382
248,9439
246,0914
246,1086
245,6893
246,2512
246,8619
247,2464
246,2334
247,3775
246,3797
248,9012
249,1074
247,0016
246,8670
0,7015
246,2152
244,9838
246,9441
246,9394
247,6344
247,0512
247,1987
247,8570
248,3073
242,8610
244,5511
244,4196
245,7202
1,3529
247,3762
247,4899
248,0682
243,7276
245,4181
244,2976
245,2391
242,8810
244,1643
244,8304
245,5739
244,9309
246,5134
247,1293
247,3750
238,2977
239,7320
240,1565
240,2310
240,2293
243,4832
5,4700
244,5687
0,7010
0,7147
248,1148
246,7610
0,7019
50,1567
240,9398
242,6206
242,7359
239,7717
241,8530
242,0634
242,6020
242,2857
244,0629
246,0961
242,1079
245,0227
247,2700
244,0434
246,5441
0,7016
245,9808
246,4565
242,2532
0,9827
244,1535
0,7037
228,6413
225,0472
227,9513
226,4403
236,8467
229,7321
242,7770
246,3467
247,1505
246,1920
244,8178
1,8436
231,0709
232,7028
234,8474
233,4850
233,2753
220,5719
0,7014
246,6044
241,4382
1,6180
0,8946
1,1835
0,7085
205,3002
206,4080
208,5238
216,3354
19,1912
236,5023
3,1903
245,4396
247,1931
231,2395
221,0594
0,7198
0,7359
1,6304
0,8932
0,7245
170,5365
177,2976
188,7865
0,7288
5,6257
6,4777
21,8680
5,9038
171,9742
2,6536
148,1487
179,1944
124,1257
130,4839
146,3775
166,1814
11,8081
186,5292
159,6502
82,0413
133,6607
147,9134
125,0896
46,6192
49,2362
68,4236
102,5835
142,8203
93,1947
78,8142
0,8750
0,8750
40,4185
45,2068
247,8765
247,9794
107,0270
0,7572
0,7005
247,3750
246,6100
246,1072
245,9011
246,6229
0,8326
247,3845
1,7748
0,7013
0,7014
0,7010
247,5707
246,0944
244,1173
3,0989
243,9074
1,5587
1,0586
247,5424
247,3998
3,0036
0,7025
0,7018
0,7022
0,7017
0,9005
0,7306
247,7364
246,3288
2,6300
1,8604
246,1406
245,5815
0,7016
245,9560
246,8258
242,4855
243,4963
243,6932
238,4976
244,2467
243,9014
243,9135
244,2156
2,2266
1,9075
1,6950
1,4426
1,4227
0,9084
0,7659
0,7019
247,3377
247,0258
246,2956
244,6183
244,9942
246,5748
246,8578
1,1751
0,7017
0,7022
0,7016
1,4477
1,3939
0,8123
0,9049
0,7084
1,0019
239,0943
240,6783
240,7892
240,1750
241,5435
241,2850
223,7415
240,4652
242,0024
241,8015
242,7918
2,9007
242,7811
2,6802
1,9903
1,8438
0,8011
1,3412
246,8503
245,8927
244,6873
185,0025
225,5411
231,9713
197,8703
243,9040
1,4181
1,2839
233,1441
1,1195
1,1508
0,7213
0,7027
1,0218
1,3153
1,1780
0,7010
0,7011
247,3622
246,9483
245,3255
245,6523
241,1554
241,5885
2,1729
1,4231
2,3913
1,1834
0,7010
0,7015
242,4107
238,3512
237,3826
1,1999
0,7311
240,5313
0,7136
0,7059
0,7053
1,3019
1,6422
2,1511
0,7024
0,7011
240,1881
188,0446
240,0914
0,8079
0,7361
0,7025
0,7017
1,4225
224,5238
0,7025
0,7158
237,7003
236,1533
3,7918
3,1668
2,5382
1,0999
242,7110
0,7023
1,0472
245,0347
243,4812
244,2826
242,0093
247,3561
148,4945
244,8489
1,0131
0,9026
0,7947
10,2723
0,7090
0,7850
0,8054
1,6030
1,0232
2,6029
3,2453
188,7282
0,7335
0,8697
1,0158
3,9379
2,8087
2,1684
2,1655
1,9968
1,5879
6,1925
0,9475
0,7156
226,7732
228,6297
1,1437
2,3291
1,4231
0,7569
1,0266
0,7428
240,1728
0,7016
243,6684
1,4311
0,9951
190,1937
1,7833
0,7142
4,0784
4,2049
4,3719
3,0847
0,7504
0,8707
3,5807
1,0392
167,9735
0,7765
3,6608
5,5133
3,7585
1,1285
228,5475
3,6770
0,7233
5,7270
3,9571
2,9178
2,5666
1,7972
1,2979
0,7134
0,7351
205,9030
3,8383
2,7958
2,1679
0,7056
2,5393
4,2223
239,2789
2,3599
5,2864
164,9865
0,7276
189,5267
0,8934
8,9899
13,2669
14,6243
8,6147
9,2066
2,4788
1,0503
1,6314
2,2654
4,5039
0,9485
1,4364
3,6027
217,7529
6,8896
238,6372
236,9482
220,1598
8,0921
198,6487
177,8343
151,7391
3,2956
169,9523
1,3693
0,8399
181,7856
196,1807
3,5685
3,1678
0,8369
10,5985
10,5761
211,7872
19,2338
1,2995
197,6543
26,6006
23,4784
19,9231
16,5365
4,9395
1,0133
0,7283
1,4216
11,5700
135,1862
163,0120
80,8058
83,7946
2,3237
180,6073
1,8137
175,6439
168,0383
166,9083
160,0248
4,2391
4,3063
18,1951
0,8663
168,2620
162,2284
163,9988
158,8396
152,6149
159,5360
161,8962
166,6437
1,8083
108,9183
125,2758
111,8522
116,1451
111,4512
110,3315
104,7844
52,0491
99,2883
3,7248
21,1922
101,4141
109,9757
110,7027
107,4722
112,6126
105,8546
114,6785
119,5168
133,7152
142,5466
31,6625
51,5583
53,6311
26,1774
2,2233
17,9785
46,6154
0,8750
90,7542
0,8750
13,2198
30,3476
69,7497
0,7792
24,0171
1,9223
175,1818
198,8739
196,1361
1,1291
0,9413
245,5993
1,4107
1,7986
1,2631
0,8112
0,8849
1,4303
1,5141
1,0321
1,1257
1,0931
1,1339
1,0877
1,5567
1,2429
244,5291
0,8415
0,7040
1,2611
1,0378
0,9889
204,1904
235,3668
4,5335
4,1091
1,4934
2,1602
1,5076
241,0003
239,6416
229,0068
237,0297
1,5536
1,3315
1,2461
1,2793
1,1628
0,9025
1,0596
1,1379
1,2792
1,5137
1,7155
1,4813
0,7215
1,7117
1,4479
1,3776
0,7749
6,7130
5,5046
4,5084
3,6342
0,9185
1,7763
181,9455
241,1034
231,7385
192,5207
1,4091
1,1712
1,0016
1,0006
1,9244
1,1346
1,4199
1,6256
2,3271
0,9103
2,9389
3,9999
0,8931
3,9768
1,7794
2,4465
106,8193
97,2906
15,0283
16,6530
3,2738
0,7015
0,7016
146,2157
2,3899
2,7156
1,8034
3,1133
2,8883
0,8098
1,0226
0,8643
1,5923
0,8481
0,8281
0,8112
0,7439
0,7191
0,7243
0,7035
2,0481
132,2629
2,2751
3,1489
2,4175
202,1076
134,7097
131,8435
122,3451
133,1984
159,1346
0,7906
0,7377
2,3025
2,9777
3,1875
2,9551
2,8375
2,8920
2,9888
2,8534
3,3064
3,3356
3,8951
3,4171
0,7020
1,3631
129,3349
3,0521
3,4055
1,1513
2,4493
1,0425
0,9037
184,0148
1,9531
1,8406
3,1360
3,5407
2,6688
1,1189
3,6013
3,5533
3,7394
198,6636
213,2176
146,4772
134,1825
0,7021
3,4832
3,0939
2,7642
1,0774
0,9717
2,1871
2,4316
2,0815
3,0797
3,1293
1,2303
3,1989
2,3736
2,8278
2,8127
1,9770
1,6524
1,8023
3,0918
0,8284
1,8208
113,9762
1,4640
1,4987
1,9596
0,7575
11,4529
8,6827
2,5883
2,9140
0,9965
0,8572
1,4402
1,9704
0,7817
0,9386
1,4171
0,7422
0,9050
2,8091
2,7676
2,1540
4,9660
2,8456
3,9241
6,6864
5,2710
4,9595
2,8508
1,0343
4,0527
4,1222
3,1664
3,7965
4,4953
107,6287
2,5013
119,0775
8,5599
3,8875
150,4115
4,2675
1,5238
1,0756
13,4158
11,0109
1,7161
2,9360
3,9344
1,2077
2,3219
1,7474
0,8098
1,6863
1,4321
1,0461
4,1720
2,4678
2,3893
1,8344
1,1137
3,7796
3,9341
11,0672
14,5900
0,7121
117,6293
1,7311
3,9187
3,4243
3,2558
0,8541
2,9608
122,2889
9,8715
85,4790
0,8813
6,6529
97,9660
15,6564
120,3253
16,2745
1,9919
1,2055
157,4366
154,7757
0,7251
3,0642
9,1360
3,3372
132,4149
1,3097
0,7513
2,5862
1,9867
1,3797
3,4648
174,4849
172,4932
174,3438
173,7781
176,6655
179,9084
187,1640
0,7400
17,7684
2,8743
0,9935
3,6991
124,1277
10,4972
116,4341
83,6410
115,3840
1,1632
99,6019
17,1711
82,0583
9,8009
100,7448
103,5457
105,1268
127,1160
150,7207
144,1426
144,9522
18,2215
9,9170
8,9148
16,0127
138,4767
104,3213
2,2235
4,3066
1,3610
1,8604
160,8618
148,5562
140,0639
138,0634
142,0768
145,7824
146,6281
126,3717
170,9889
184,2821
3,4356
0,9959
25,3532
37,5298
97,0306
31,5506
61,4287
75,1990
72,2244
59,8465
70,1349
102,0647
86,3430
109,9833
100,4121
141,2531
101,2373
166,4833
176,1415
112,4940
114,0419
122,0389
1,4196
94,3524
104,9192
102,9438
108,0898
99,7218
90,4354
99,2930
113,7097
124,3456
146,2394
4,8400
106,2126
100,6773
50,7018
49,4084
35,9078
34,0383
33,4562
7,2987
0,8750
1,2750
71,0946
68,4543
7,0116
28,5439
27,1124
48,9202
32,0399
42,4791
37,0650
46,1559
59,8717
80,2959
11,2575
0,8750
5,4434
10,1996
0,7631
2,7553
3,0731
4,2930
0,7030
2,5989
9,3317
12,8637
102,2113
82,6133
47,5305
88,8473
19,6444
0,8750
9,1885
0,8750
5,0266
0,8750
12,9526
13,1199
1,0780
4,7348
6,5559
4,0553
115,8957
1,3065
8,3160
2,8791
123,6873
7,9541
1,0045
7,1728
0,9407
1,0523
8,5795
8,1376
1,2621
1,0634
8,7580
6,6549
8,8974
3,2328
6,4264
1,0381
3,7962
3,7336
113,6003
1,1356
8,6386
1,0130
9,0304
9,4287
0,8651
1,0381
2,3557
2,7116
6,1384
6,8260
7,9417
6,8160
0,9350
4,7056
8,2164
5,9626
6,8437
7,2209
7,8312
8,4181
4,4156
3,4356
9,5708
7,5536
7,1504
1,3733
10,1741
5,4630
7,0955
4,8933
5,1450
1,2537
98,4303
3,7225
102,6023
1,5689
105,9284
4,4062
7,6542
4,1599
5,7667
5,1230
4,7873
6,8006
4,8102
0,9385
1,0827
1,1111
1,0194
135,4553
4,7848
1,8571
12,1964
9,4379
5,4231
10,5914
0,7329
16,0338
74,6947
6,6874
0,8819
9,4902
10,3287
80,7853
10,8752
6,4378
78,3740
25,4823
4,0122
12,2190
92,7696
1,8907
100,7278
96,5643
85,5188
131,8037
20,1190
17,5409
12,5268
0,9271
3,3484
5,6124
0,9694
0,9801
5,1117
81,7379
1,1947
6,2759
119,2065
131,0759
132,1575
137,5022
134,8440
6,3365
9,5917
3,0658
69,5574
11,4589
9,9821
82,4981
9,8925
1,4805
80,1315
79,4983
6,4670
5,2609
10,3392
2,7196
72,1693
74,2384
76,0685
88,4032
92,9730
98,7590
96,4960
98,1357
35,5044
96,6716
90,0199
108,9240
5,9012
0,7212
3,6464
5,4552
82,7253
2,9146
101,5061
113,2473
113,6345
117,3901
124,0068
141,3602
126,2414
116,1003
45,9313
1,4477
53,8697
66,1648
73,8442
73,2682
7,6720
72,5147
71,3638
68,0324
66,1708
63,0075
54,8279
55,8535
59,9681
51,2308
49,7220
58,3214
61,7292
60,5238
90,2491
70,3277
145,8233
97,1100
91,5894
96,1111
55,9365
120,7465
2,3925
10,5168
71,9359
4,2939
80,4569
94,4569
87,7689
92,6344
99,4436
71,3508
85,1462
81,9347
81,1942
89,1585
4,5060
66,0473
81,1132
67,9425
56,5724
20,1998
31,7411
32,9989
38,2910
44,5090
52,5419
47,4503
41,3729
35,0937
30,2211
13,2406
16,0550
22,5062
22,0628
16,4968
24,2906
39,6547
47,5976
46,5519
67,4379
52,3258
64,2572
49,9484
40,8064
39,5925
42,7373
40,3491
39,1672
44,5459
38,0447
48,2928
38,7720
20,4147
0,8750
0,8750
0,8750
45,9788
0,8750
6,7934
9,7945
9,4586
12,4712
4,5648
61,1477
58,4420
0,7372
19,4868
4,0787
13,7853
0,8750
0,8750
0,8750
0,8750
0,8750
0,8750
28,4425
0,8750
12,2839
2,9664
12,4363
5,1249
7,8378
10,4443
4,3861
0,7822
4,5320
74,2430
16,7534
16,8536
8,6751
2,3987
2,3365
2,0850
68,2966
13,2597
16,7175
16,2486
1,9789
18,6067
17,1165
2,4962
18,3696
17,1836
70,6505
2,2432
15,8807
11,7288
17,5320
1,6810
2,0631
2,0662
2,0146
12,6096
16,1435
18,1496
14,1920
16,3588
19,3257
11,6640
19,0194
16,1395
13,7177
13,3262
59,7676
63,8251
63,5795
73,2942
1,9337
9,0181
1,4257
1,2639
20,3799
1,0657
14,8332
14,1404
17,2407
2,2018
2,1351
49,7249
70,1045
81,9150
74,9767
18,3917
1,5388
26,7630
1,4469
12,9486
35,9073
72,8211
13,1115
21,4348
58,4556
22,5412
63,0320
3,8764
53,4687
52,2329
53,9353
53,5296
70,8889
70,3385
65,8833
58,3053
29,6696
70,1896
67,5594
5,9807
10,8992
61,6402
57,6230
2,2460
69,2727
75,6595
77,0656
98,4975
66,9639
64,6540
121,6301
74,7687
74,1182
38,5501
42,7365
26,3513
52,0077
53,0732
53,2618
51,9700
52,3031
48,2179
49,6109
49,6814
28,5744
44,7441
40,6445
46,6420
38,2901
50,0531
46,6327
45,7056
48,0891
52,3178
52,9903
65,9793
64,2973
61,3345
64,2499
35,3768
11,1336
1,7864
9,3023
52,7679
56,4199
58,9750
55,4491
91,0207
54,2452
62,0885
49,5309
51,3926
48,1703
50,8352
44,3709
49,1492
51,7080
52,7712
50,1138
49,3836
45,9308
46,9727
44,3399
40,9372
32,5006
29,9514
23,9675
19,1124
22,3289
13,2903
23,0035
28,0794
3,1056
26,9049
16,5842
15,8790
40,2698
61,8878
92,0115
23,9165
6,8968
44,6831
43,2982
43,8188
20,6807
27,7022
27,0801
30,2499
25,6859
25,9816
30,7541
22,0427
10,2110
17,3641
34,6678
0,8750
9,0629
2,2806
23,2331
2,8775
2,9986
35,2126
35,4333
41,0674
31,1821
13,7500
16,1816
19,6222
8,6326
3,8447
0,8750
0,8750
0,8750
2,5164
3,0338
29,6027
3,2846
7,4436
2,9223
4,8170
2,6286
5,1796
10,0907
0,8750
9,6940
30,3584
26,6065
31,9171
30,8471
30,8199
3,8697
3,9879
4,1117
3,2275
3,6453
31,1567
3,0864
34,0652
4,0610
27,8648
46,5135
33,3131
32,4818
43,6618
31,5110
53,8429
3,7924
25,0721
44,8803
4,1096
31,4692
26,5029
61,5310
36,3229
3,7939
35,2237
41,2087
41,7026
33,5244
44,8141
43,1550
43,0803
41,3352
41,2258
43,9251
38,9467
45,5387
50,9149
48,6112
18,8493
52,8305
56,8272
16,9525
30,1001
33,6241
4,1591
30,3908
32,7142
52,9275
52,5462
55,4136
45,8864
56,7457
56,5318
53,7192
55,4620
52,2071
49,7123
40,0008
39,8232
36,6069
39,2529
37,4954
31,9953
33,6593
34,2282
30,7168
36,1191
37,3629
40,8828
28,7472
48,5715
38,6251
62,6593
35,9964
17,9470
35,8211
42,5719
30,7311
39,6756
39,1498
42,9259
43,1534
42,0818
35,0255
35,4619
33,9800
35,0235
32,4617
31,2417
32,7324
30,9625
34,7778
36,7171
35,6823
33,1373
33,6808
32,2518
28,0376
27,4503
19,7766
21,0260
10,1486
14,8173
15,5510
15,3084
15,8133
11,1072
15,3494
17,0872
12,3875
4,6885
26,4509
21,4138
11,4463
25,9910
31,5593
32,2250
32,9686
30,2575
16,4601
7,6975
28,3562
22,5584
25,3450
12,7625
10,4099
13,3542
6,3885
8,3967
26,2488
13,0046
4,7859
5,2866
5,2825
19,9296
23,7380
32,2020
18,0268
29,9871
31,6548
15,6771
7,8453
10,4932
0,8750
0,8750
0,7399
4,0866
0,8750
0,8138
2,3663
14,5585
0,8750
26,6626
8,2514
45,4174
38,2177
7,3108
43,6985
6,4989
24,2509
7,4583
38,0709
38,2113
43,0887
8,0925
8,0693
35,7103
43,9343
33,9481
33,5148
34,8450
39,4241
33,5315
34,6657
41,0689
6,1913
54,9137
50,4010
8,2371
34,7708
40,4827
35,2701
38,2988
36,3007
31,9981
31,4858
32,2421
30,1671
28,8814
27,3304
24,7189
24,6388
23,1064
23,6542
28,6026
30,3434
26,1032
27,6276
35,8431
32,7572
31,8546
34,7603
9,0191
33,5929
33,9746
42,3228
28,7804
25,7658
27,4333
24,1431
23,4951
23,8782
26,9941
26,5634
23,6345
26,8285
23,2180
24,3633
25,7779
22,0905
20,4667
19,5670
11,5760
10,6364
5,1245
9,4032
7,4171
8,2518
11,7019
0,8750
20,3401
11,2859
10,8589
14,4865
23,4961
21,0635
22,4791
23,2466
3,7416
4,8906
9,7739
9,5125
2,6789
5,5774
0,7572
2,1515
4,7474
6,1359
21,3162
42,8098
10,8153
10,4463
9,8828
42,2715
18,8658
17,5308
0,8750
0,8750
41,9212
16,5116
27,3226
26,1848
34,4223
26,4295
28,6687
40,1020
47,0504
30,8597
27,1624
25,6684
27,8589
26,5865
29,6894
23,7042
23,0474
24,1746
20,3218
16,2718
19,8830
18,2079
21,4497
28,5943
28,1715
28,3060
27,5990
23,6485
21,6977
20,0454
16,2862
19,8428
12,0820
16,9859
25,6960
22,4825
16,8567
9,0269
8,4378
2,4385
3,5886
2,9733
0,7526
0,7620
4,4653
0,8400
2,5550
4,1133
3,7030
11,8022
13,6938
15,2008
12,8555
13,4129
0,8317
0,7578
2,1399
0,7510
1,1801
0,7819
1,0534
1,8423
1,6887
2,4569
41,2855
23,5069
22,0772
23,0818
33,3610
28,8454
12,0057
11,3775
8,8320
8,5502
8,6076
23,6136
26,8685
35,2002
9,8163
8,9954
8,6935
14,9393
8,3240
10,8201
4,9470
4,4510
1,4957
2,5126
0,9843
0,7450
1,8812
5,8489
6,8661
11,6431
8,2155
13,7984
1,5787
0,8750
0,7514
0,8750
1,0480
8,6259
21,9911
2,8889
10,1904
2,6951
5,5826
2,0060
0,7380
0,9656
0,8555
4,0505
0,8752
0,8750
0,8750
168,6802
0,8179
1,1015
118,6978
141,1353
47,2414
33,8203
57,9464
134,8947
131,4642
157,9393
149,9519
156,0022
111,6554
128,6105
83,9341
128,4517
172,2588
22,6825
113,1234
5,2305
9,5871
1,2583
127,3297
1,3327
11,3635
9,6433
22,2354
93,4964
146,9796
149,9036
185,1361
77,5714
152,4845
123,4104
139,3424
141,9413
79,6521
58,7050
62,3006
71,9524
65,2706
0,9722
1,0180
1,8411
2,0464
2,8031
4,7585
32,6263
3,0792
0,8326
2,9304
1,2072
4,5250
2,2317
34,8594
0,8890
55,4916
53,3537
38,9307
21,9776
17,7634
61,9813
47,7240
56,2615
7,7225
2,2283
9,4254
17,2099
2,7878
120,6988
56,9326
9,7017
84,2758
32,4011
54,3541
24,2177
80,4768
67,8391
3,5269
1,0624
56,0554
80,2632
67,0566
2,2094
112,2401
220,1442
5,1286
2,3815
2,2135
146,2203
142,4580
62,4936
80,6408
72,2006
149,1318
125,6345
113,9979
113,3996
66,7467
109,3520
160,2159
145,8982
113,1505
68,1775
60,5436
2,7685
35,4940
61,3959
153,3497
102,6042
67,1262
58,3863
11,6594
41,2002
42,6003
41,7503
57,5044
45,9414
74,7665
62,5666
87,8253
86,5634
2,5185
2,8423
1,1252
2,7553
50,2757
1,0188
26,2399
17,5542
8,7008
15,4154
17,3699
8,3500
7,2571
3,6683
19,6513
2,8628
34,6210
17,1846
7,3514
38,0062
23,0521
1,9510
37,0044
47,7977
39,8593
48,0824
73,2019
87,0541
71,1911
118,7953
43,2281
10,5815
42,7287
6,2471
73,5559
78,1689
4,4607
33,7378
51,8656
33,8117
25,8784
70,5365
47,2778
22,7466
69,1745
55,5716
1,6684
1,9087
1,2897
1,6489
44,3840
4,3393
46,2447
2,8343
36,3308
3,2363
4,3197
43,5915
2,1790
18,9197
51,7968
2,3348
23,7414
41,5211
58,4927
36,4936
36,6636
5,2453
30,1502
37,3788
40,2024
49,8832
5,0994
6,3274
39,2880
5,7960
33,4896
43,4516
32,9912
1,5714
2,7530
1,2495
230,7194
4,9252
1,9407
5,0306
243,3040
28,2614
34,2599
54,0855
18,3548
32,6584
2,1138
0,7020
242,8039
33,2113
3,1706
4,5263
4,7156
194,2119
41,5655
56,4237
42,1883
25,2976
2,3718
2,5366
1,2266
1,7818
0,8810
160,7208
151,9466
1,0078
239,1147
245,8822
1,6408
247,6853
77,3847
166,6788
2,1621
4,5383
0,7023
247,6336
59,7887
9,7899
4,8846
35,6224
0,8188
0,9905
41,2163
63,5025
94,9749
3,8794
0,8315
0,7629
8,5010
2,3726
0,7018
246,9359
248,2500
248,8376
160,8085
37,4369
48,5500
82,1238
94,4660
11,6606
5,9099
92,3766
78,8305
91,7281
127,0290
178,6382
64,3622
239,9175
0,7261
1,4273
247,9576
8,5190
0,7067
1,0967
32,4908
1,0434
1,2154
18,3537
35,9325
46,0540
80,8660
0,9954
2,5224
40,1072
0,7010
1,2758
9,8319
0,7699
209,9643
239,9586
15,3723
30,7459
153,6573
4,5841
1,6946
10,6503
216,3372
10,6165
0,9528
1,6671
165,1202
1,4232
224,3317
1,5853
1,7686
1,7337
4,0402
6,6036
3,3126
3,7752
1,2167
2,9836
3,3857
185,8286
17,7459
19,9461
0,9333
2,1885
2,1969
1,5318
240,5694
14,1697
7,3137
106,8394
152,6328
0,7540
4,6770
0,9961
0,7864
0,9527
0,7018
8,5891
1,2740
8,3070
1,0820
0,7022
0,8321
3,8223
0,7316
212,5135
4,9922
239,2039
0,8144
1,0949
2,7486
1,2683
3,3768
145,2816
3,2379
1,5267
0,7702
1,6704
1,2164
5,0422
0,9670
1,3117
2,3522
2,8073
1,7095
55,2849
1,1974
21,9003
1,5213
4,0727
0,7421
233,1674
120,3742
2,2281
2,5234
1,7324
0,7110
233,0819
2,3763
0,7054
1,3432
4,0128
3,7429
3,7684
162,7449
7,1105
0,9723
168,5704
2,5353
2,7784
9,1616
1,7029
179,2391
0,8678
10,8470
148,1376
8,0733
3,0815
0,9854
1,2309
6,7742
14,1424
1,5383
34,3473
42,5200
4,8626
7,3542
34,4672
3,7602
1,2287
1,5472
5,7259
1,3952
110,3351
10,9819
185,9576
132,6222
0,9509
4,2186
137,6588
10,5608
1,3037
0,9349
6,6394
1,0244
103,7569
1,6941
4,1009
0,9468
162,2837
24,1378
2,6763
3,6539
14,3015
8,9868
0,8113
3,6518
8,0918
7,7353
2,4921
2,5079
6,0693
122,1414
5,4965
9,8870
0,7705
14,4042
3,0189
3,4967
6,5550
0,9038
2,9924
125,1018
5,9141
4,1534
0,7190
2,7218
49,8034
2,6033
2,0070
0,8996
0,8169
4,7684
0,8241
5,3569
2,0016
1,2265
7,4899
1,8198
2,8701
0,7745
0,7650
8,3002
5,0936
7,5471
7,3467
6,1180
14,9654
26,9169
8,8661
31,4461
9,8593
40,4632
22,5430
31,8651
11,0224
38,7833
10,3058
17,2204
9,2468
26,0031
36,3033
41,0564
10,9061
166,2432
30,5662
13,2133
4,6233
0,7797
148,3601
44,2580
1,4514
0,7027
244,2281
22,5096
41,7220
47,3308
17,3920
5,1255
1,2865
214,4679
30,2093
24,6305
13,0491
3,5418
179,5960
39,7265
43,3812
10,3755
47,4872
21,7703
18,6867
9,0947
0,8479
1,7730
17,2164
2,8891
1,5400
0,7012
1,6012
6,1293
4,7829
7,0389
2,2359
6,3372
17,6626
45,2003
6,9873
174,5834
42,6411
71,0857
2,4652
1,1582
1,0218
1,1165
29,2280
8,4468
102,0053
5,1090
0,7720
212,9626
245,8066
25,1834
41,5761
2,8088
0,9061
240,0112
246,4401
50,4868
43,3215
52,6838
75,6960
111,2664
1,7522
241,1337
11,0365
86,3604
87,2635
69,5668
3,2724
1,1157
176,7640
0,7321
247,4856
7,7566
22,2058
7,2693
3,2632
0,8563
238,2194
4,0031
11,7754
22,3562
2,8806
0,7015
248,2126
19,8847
2,0670
41,3737
42,0382
215,6666
2,9454
7,4603
1,3436
1,4818
14,5881
19,7697
27,3838
10,4613
237,1525
1,0477
2,6719
0,8567
5,6013
245,6742
7,6616
211,4349
229,6496
8,0634
245,3630
244,0831
7,1942
11,0143
0,7132
0,9166
0,7050
245,4914
246,8747
246,6025
245,3250
247,3750
1,2457
244,5475
244,4841
244,6713
0,8534
2,6930
1,6642
1,0489
246,4013
246,0047
0,7923
245,2374
226,4899
245,0099
246,0814
193,2598
241,1384
0,9904
241,5660
220,9975
244,9862
191,4373
227,0073
239,0725
246,5414
0,7591
1,3502
241,1222
236,1499
241,4060
243,2518
6,0991
0,7015
203,0156
237,7857
0,7146
162,2663
180,7444
1,2354
241,4172
245,0635
242,8244
1,5666
1,4907
0,7015
246,7176
241,2220
240,6671
6,7619
245,8326
2,7014
244,9733
224,7886
237,7060
240,5749
1,0880
239,2675
1,1675
244,8043
2,0761
244,6345
0,7027
247,3758
0,7698
1,4611
1,6481
2,9406
2,1308
3,4884
4,5864
1,0005
0,7269
1,4836
1,9777
0,7721
14,5896
1,1860
2,3408
0,8284
2,6998
1,1043
0,7383
3,2612
2,4408
0,7044
1,0115
152,8510
1,6652
2,3644
2,7543
9,7070
0,7018
2,2347
0,9229
0,8373
244,6578
0,7667
3,3383
244,9685
244,7446
218,1188
134,1047
242,8732
168,9217
1,2791
3,8266
231,5725
243,2239
188,5265
183,8881
1,0859
226,3766
236,4374
2,6347
244,0002
0,7547
1,1474
3,9215
241,5466
160,0509
0,7803
1,5493
0,8681
243,2728
3,6558
1,7960
0,9927
4,1762
1,7945
3,2551
1,2555
2,1918
1,6711
0,8548
0,8291
1,9938
1,0525
1,2211
1,1648
6,5496
4,5531
1,1313
0,7024
1,8092
1,7974
0,8585
1,9256
1,6392
3,6723
2,3818
2,1459
0,7384
0,7015
2,0897
3,2146
3,8185
2,3432
0,9546
1,9490
3,1325
16,8288
10,5849
20,7162
32,3249
41,5425
34,2304
7,7513
24,9125
43,4334
26,2006
24,1707
12,1881
30,0560
6,6362
30,5232
0,7010
245,5777
0,7005
243,9978
1,7043
248,4971
1,3915
248,7752
236,3504
233,2054
247,2895
244,4574
247,6630
1,0109
244,1762
245,7608
3,5177
248,1948
1,8127
248,8928
247,7284
248,0952
247,1893
247,6294
248,0853
245,8242
246,0825
246,4099
249,0804
249,1250
246,8775
247,4352
246,0063
248,1998
247,1708
2,6370
6,3676
51,6105
243,9093
244,8250
243,8292
245,5533
247,0258
1,2166
245,3041
245,4615
235,9973
247,4585
244,3526
240,7228
247,7814
246,1013
246,5494
246,5032
246,0181
247,9824
247,2731
248,1638
247,3797
247,9715
2,7272
0,7028
2,2315
0,7005
1,0118
1,3611
3,5957
0,7049
3,0466
0,7546
0,7025
0,9842
0,8484
247,3724
247,8455
1,4223
0,8725
1,0261
247,9695
247,3520
1,4612
1,3545
0,9711
0,7218
0,7033
0,9901
249,0239
247,4460
247,8157
1,1949
247,0639
0,7016
248,0956
245,1487
181,2482
247,9978
246,9488
235,1925
208,9522
51,8052
247,7123
2,3930
241,9076
243,9138
213,1549
247,1481
246,8070
242,5626
246,0049
245,1933
247,3767
247,0967
246,8468
247,1072
247,7655
247,1240
245,4241
1,1856
0,8270
0,7247
1,6548
1,0478
0,7730
0,7425
0,7010
245,1139
1,0958
0,7366
246,2689
1,1729
1,4743
0,9112
0,7650
248,1394
0,9016
1,0757
1,1645
0,7495
1,2581
1,0882
0,8054
0,7017
202,4412
248,1263
247,4784
0,7019
0,7018
0,7723
1,5445
245,7461
1,5428
4,6948
5,2777
18,3382
4,6300
4,1754
3,8970
4,6428
9,5004
16,2367
6,8372
2,3653
4,5685
41,3890
4,9239
3,3407
11,5801