8,0509
124,6665
1,4825
5,8623
9,0287
79,9897
122,5607
2,4612
4,9860
10,9450
25,1144
78,1492
117,9124
5,4722
13,0833
14,1487
19,7391
8,3381
40,7344
17,4429
47,7297
2,7990
95,5367
88,9279
2,7252
4,6555
5,3488
5,3106
18,6091
9,4101
2,4289
44,5162
1,0338
1,3110
1,7704
7,2279
14,8995
17,1681
3,3436
42,3924
22,3425
64,7494
0,8879
103,9751
5,7877
10,0727
17,3719
17,2069
37,4622
14,7132
1,4750
2,8797
2,5132
0,8646
15,3592
9,6384
15,1590
148,9663
15,7149
3,7879
0,8550
0,7963
16,8715
6,4231
5,0487
1,1333
8,7690
4,1941
87,3437
0,9026
7,8997
2,6615
10,7858
2,3612
77,2048
25,5052
5,8771
21,8079
20,4971
74,8011
0,8604
28,8703
23,9597
60,4189
14,1167
25,4329
30,5533
23,4794
43,2405
21,7367
126,8195
3,7928
2,8027
31,1985
12,5068
1,8295
5,0907
34,1125
1,1906
4,9549
0,8750
5,5055
8,4994
14,2422
14,8764
0,7105
35,0167
56,2758
34,2235
29,9726
9,8187
4,2515
2,5301
87,1203
3,2056
14,5176
160,7230
29,5699
97,2690
9,0425
0,9035
2,2291
8,3623
3,9347
8,1194
12,5804
27,6584
4,8505
3,8924
1,7429
10,4174
1,1895
1,5071
2,7127
4,9469
3,9249
56,5324
31,3155
0,8750
1,7874
2,8019
10,8721
8,4757
5,4830
10,6231
11,3197
8,9584
4,4064
1,5079
26,4996
55,6612
2,8651
5,7364
1,1723
0,8750
2,3784
2,1685
2,1803
3,6540
2,6852
4,6736
36,9779
5,1397
13,8126
6,1177
2,3776
1,3047
13,6444
0,8987
2,0110
3,9465
8,2791
13,5266
1,7924
1,9711
34,5165
49,9626
35,2638
6,2268
1,6469
0,7641
0,9698
1,5694
2,3183
4,9818
10,6974
0,7982
4,2697
4,0742
6,2314
9,3637
9,5342
8,1515
4,4500
0,9751
0,8750
0,8750
81,2835
77,4671
25,5773
0,8306
1,9031
2,6106
4,9049
4,5337
4,6719
8,3511
0,9047
1,3493
1,1334
0,7661
30,8718
197,4942
0,8712
2,5896
4,4805
5,8616
9,1758
8,3632
10,3132
28,5717
0,7882
2,2204
3,0368
4,0063
3,4263
28,1274
4,5480
5,7077
1,2344
3,0815
3,4391
3,6344
4,8421
6,0286
11,2969
2,0564
3,0288
0,7779
39,2432
26,8276
0,9240
7,4038
4,2050
7,7284
8,3776
10,8235
14,9710
1,7711
1,5260
0,9509
1,2869
0,8507
1,2629
0,7069
14,8465
0,8750
1,3685
20,1160
0,8999
1,2911
0,7838
2,3757
0,9716
3,2590
158,1899
12,1882
1,7975
3,8478
3,2389
5,2061
7,4986
8,5269
9,9526
2,0999
1,0244
70,8981
2,2241
2,9535
3,1948
3,5653
4,2265
1,7121
11,5400
17,9893
1,7212
7,5400
3,9169
8,9877
7,7583
10,4383
3,8401
0,8612
1,1757
12,4122
0,7026
13,8966
5,1386
5,7448
1,4712
9,9532
0,9360
4,8109
25,7853
10,4395
1,8127
17,8671
5,1863
4,4731
2,1019
2,5484
3,7109
4,8825
5,4655
13,6787
2,0368
3,7572
70,7082
2,1593
16,1677
4,2602
6,3361
26,8469
0,7770
17,2125
7,0898
68,8798
0,8750
36,5710
3,5145
23,7722
1,4909
1,4420
2,0960
20,4448
39,3701
44,0200
1,0590
0,8690
0,8334
2,2313
0,8716
0,8709
1,0122
4,8788
17,4477
20,8043
1,7181
22,9249
0,9407
71,0931
5,4918
1,1896
2,2508
0,8408
1,3279
0,8085
1,2282
1,3280
0,7763
0,7778
1,3777
19,3116
20,2436
17,3964
21,4696
5,1720
1,2334
2,5623
4,7141
9,0501
10,4928
12,1928
1,9193
0,7155
6,3665
8,9440
1,0486
16,5987
17,5281
1,4168
66,2204
100,4487
2,0255
0,8861
10,9657
51,5837
43,2900
63,0860
40,6272
28,8596
23,8180
11,4783
13,5250
30,0453
50,7723
26,7873
52,9559
164,6943
210,5563
124,0492
0,7368
16,0730
4,0810
49,6432
0,8750
14,3087
212,8542
3,2546
14,9583
7,2058
2,1255
1,6593
9,1648
97,9737
4,2931
11,8641
86,6889
1,0024
0,0000
0,8750
3,0471
30,2785
7,4052
233,8151
0,7368
0,8750
32,7603
1,0200
17,2234
2,6871
0,7700
4,9253
0,9056
2,6835
1,2051
5,3945
9,7578
0,8368
25,6259
12,3514
34,7569
2,2496
0,8660
2,1728
27,3307
2,0232
2,0327
8,2882
13,4956
0,8750
2,6914
0,7741
4,9014
5,2521
2,9036
2,4331
1,7185
9,0863
18,5470
4,5675
37,1241
20,4602
0,9569
10,7609
6,6409
6,0715
11,8333
9,7563
21,5557
16,5894
21,9765
11,7763
1,5201
2,4655
3,0265
24,6214
22,6927
12,5459
0,8637
0,8507
0,8383
12,0022
48,6954
3,6405
3,9240
9,0362
1,0744
1,1685
210,6547
158,1247
15,1895
66,9266
1,6026
3,7037
1,7918
10,5772
1,6179
2,3740
6,7195
4,1320
10,3721
0,8750
1,4233
0,8739
6,6203
12,5710
0,8750
0,8750
0,8750
165,8158
239,6844
10,7282
1,2359
0,8568
11,0025
9,5882
36,3355
0,7034
1,1100
0,7816
0,9540
0,8315
16,2404
2,9687
0,7184
1,3631
1,8843
9,7386
11,2705
29,1427
0,7926
6,1691
0,7798
1,5933
2,0104
18,7729
41,5550
1,2921
0,8429
3,0439
5,8777
7,0356
12,0423
21,2091
2,4091
1,2569
0,9717
1,9503
6,7681
7,7865
18,2258
1,5630
2,1300
0,8603
8,4640
18,7795
23,2566
28,1858
1,8604
2,8347
0,7597
1,2458
9,9162
15,6313
20,3248
2,8783
28,1225
5,2080
10,3935
91,8498
9,6337
3,3165
0,7201
1,6156
0,8598
2,7535
5,8567
2,3804
4,6495
18,7802
3,2149
1,6865
5,2083
27,8948
6,0653
7,6201
11,2701
22,1751
1,8367
14,3022
23,0200
1,3445
1,0821
0,8478
4,1765
1,0984
2,3325
2,5031
3,0525
1,5892
30,5197
20,7939
1,3569
2,2251
10,0223
1,4840
7,7687
6,4854
1,7061
4,5717
0,8750
0,7057
1,8064
2,1117
20,6472
6,8445
55,4304
9,4196
1,7036
2,1378
1,2090
2,5315
16,8125
5,4959
2,1605
3,6956
5,4685
36,0752
27,5542
34,8406
0,9813
1,7020
2,5927
1,8107
32,1876
33,4121
3,7442
5,4659
0,8085
2,8076
5,7745
2,4020
1,3629
0,7897
1,8323
1,4897
1,3539
1,0175
23,0107
6,2922
7,0918
1,7219
3,6546
0,7966
1,5758
44,8464
20,3538
28,9795
19,3914
4,2411
1,1165
1,3865
1,0937
18,4413
3,2561
30,8165
1,6783
23,5830
0,7972
6,0543
4,0760
5,5554
0,9069
3,2409
1,7487
1,7099
0,7017
2,6022
2,3768
3,5517
5,4692
0,9150
1,5809
0,8619
3,7963
7,7681
9,9809
0,9482
1,0436
0,7757
0,8908
21,6335
5,1092
1,1365
2,4330
35,2731
1,7588
2,9383
1,8288
1,1706
14,6532
8,2680
10,9658
11,9174
231,6246
13,6794
5,7189
9,9542
4,3955
6,8655
6,2380
1,9941
1,3397
2,2035
1,8677
0,8202
0,9682
3,0620
0,7300
0,9687
2,1043
11,0769
0,8762
0,8110
6,1757
28,6320
86,5539
11,6276
2,2233
8,3154
1,4820
2,8606
1,2675
1,7331
18,1873
0,7826
11,4564
0,7788
22,6159
2,5057
12,8652
1,7530
1,0848
1,3519
2,3611
1,5183
0,7591
0,9433
0,8655
0,9850
0,8507
2,3259
2,8686
1,0120
4,0928
2,2463
1,6471
1,1021
2,4261
3,6963
9,4115
110,0237
1,6357
7,5453
8,2976
2,4748
2,1693
4,7367
15,9893
35,0442
0,7367
10,6136
0,9568
0,7968
9,3333
0,8301
7,3877
6,8947
8,9587
4,7662
14,4197
16,5712
2,5512
6,2832
7,5618
3,8989
4,3288
1,1560
3,0517
12,3075
2,2891
7,1821
27,8680
4,2422
3,7234
16,8059
28,8685
2,0802
2,0366
2,7486
7,5723
8,4548
33,2369
1,7811
2,2797
3,3376
1,0166
4,0399
5,1201
6,1496
12,7617
3,9849
3,9282
11,5431
5,5596
0,9195
1,1232
1,3482
4,8529
7,9241
21,6132
0,7022
1,4324
1,7280
2,1124
38,0583
0,8012
2,4667
0,8100
1,8372
2,4785
1,0339
0,8812
3,3860
6,1174
48,5407
1,2517
2,6651
6,4138
40,4692
2,0161
18,6288
0,8576
0,8949
0,8132
2,0676
6,5807
3,9681
13,4183
0,9692
0,9903
7,0574
15,1653
2,2352
51,9430
51,0237
1,3710
1,9855
2,8090
7,0676
21,7221
44,7378
76,8541
0,7013
2,7545
1,6305
3,8690
19,2218
34,9088
21,6197
0,7016
1,3029
2,5959
9,1726
0,7889
4,5817
8,1976
1,2977
1,3239
0,7245
9,0970
2,5567
0,7863
1,0205
3,7139
13,8476
31,5395
1,4066
5,8025
10,2688
28,4869
2,7459
2,8015
0,8750
25,6950
6,3172
9,4802
0,8750
0,7891
1,2748
23,6435
52,8527
0,8725
2,8781
28,5700
0,8643
1,3665
0,8750
7,2072
0,8750
0,8750
10,4967
0,9874
0,8750
2,5566
31,8928
1,6505
14,1610
0,8750
27,4043
4,4959
4,5621
16,2668
1,0303
27,8673
0,8880
43,5418
52,6920
2,7723
4,7650
6,1374
36,5302
55,4310
5,2054
71,3128
2,9337
7,6452
9,2387
0,8609
0,7789
3,0124
16,3373
6,2912
11,2672
0,8750
0,8697
0,8751
2,6790
11,1398
7,4493
0,8750
1,6686
4,9228
6,6884
3,7856
1,8776
0,7021
6,7533
1,8022
1,6140
16,2003
0,7372
0,7036
11,7391
20,6381
6,6407
13,1629
11,2956
2,3513
2,1876
23,8578
8,8843
3,9316
6,6346
0,9784
2,4868
3,1889
2,5951
33,5887
4,5086
18,1640
11,9813
8,0442
2,2276
3,2360
13,0968
7,3517
1,6576
1,8281
2,5019
1,6590
1,5926
1,4730
15,9908
4,8449
2,7302
16,3318
3,5445
5,4375
0,8469
1,0998
3,0537
5,9385
0,8361
1,4163
33,5158
13,6356
8,9991
2,0396
7,9288
11,9151
0,7617
37,5979
11,8380
0,7938
1,0215
0,7945
1,5213
3,2805
9,2979
12,4227
22,4858
3,9690
3,2235
0,9499
2,9735
0,9136
0,8008
13,1395
0,0000
12,1265
2,3847
1,8117
4,3312
14,0767
21,6720
97,1689
6,4856
4,9849
6,5484
19,5279
2,7713
10,4216
9,0586
1,2693
5,2445
5,0344
15,6796
3,2698
0,8750
104,2206
2,4653
1,9503
7,0662
11,4490
8,2493
11,5351
24,8047
4,3048
2,9905
17,4496
10,7134
3,5274
8,6225
5,6394
1,0864
12,2946
12,7594
23,0944
4,0419
3,4873
3,3250
6,0248
0,7811
2,1419
3,0007
5,8706
6,4588
33,5418
0,8045
12,5259
11,3192
14,9102
13,0689
13,4102
25,2798
0,8610
50,5384
27,2148
21,6497
1,0364
0,8729
12,1760
11,4152
53,8388
11,8760
2,0569
3,1184
1,7281
2,4569
1,5394
23,1217
11,6209
20,1290
7,6337
6,4330
3,1082
4,0082
7,6879
52,8587
9,1746
29,5175
4,8574
32,3808
40,8447
30,9275
32,5776
29,3481
0,8406
1,1476
2,5005
0,7447
57,7402
19,1517
35,6414
5,3523
5,5969
31,8444
36,0279
1,5548
15,3318
18,0620
11,6890
3,0314
2,0492
2,0199
83,5763
76,5383
50,7956
3,4896
6,7531
17,9708
1,8607
50,4814
39,6903
25,4907
2,1664
6,4748
28,5843
1,8310
13,5222
19,4588
0,7425
4,0323
7,3868
9,9141
14,2109
23,9164
24,5966
2,4490
4,2678
5,2475
9,2409
13,3439
17,6939
31,5810
6,2108
0,7681
2,4461
7,1623
10,2679
15,3551
24,1352
23,2739
10,4922
0,8902
5,3479
1,2180
2,7951
5,8729
7,9716
0,8770
3,9950
3,3638
0,7396
4,2462
2,2952
0,8377
2,1479
0,7793
1,4277
1,4112
1,8749
0,7396
0,7383
2,1988
0,8417
0,7237
0,9690
1,4553
0,7446
5,9584
36,0212
2,5557
5,1101
7,7811
1,0014
1,5319
10,0437
12,5711
2,4743
26,3596
0,7575
13,6712
0,8750
5,4842
50,1044
0,7581
21,5121
8,2155
6,9431
4,1296
1,6557
48,5006
44,7239
45,1552
30,2260
17,7483
27,0825
12,5913
0,8517
1,7427
1,9524
6,0736
8,2681
9,3314
6,1647
3,1838
1,3633
8,8906
13,1225
13,6040
14,6079
1,9701
3,8275
7,3557
9,3152
8,9301
10,2092
25,2533
4,8931
6,8156
21,0004
3,9365
9,9242
11,3525
16,5216
2,1152
5,7593
8,6127
8,9699
1,7475
0,9235
3,2703
1,2378
6,5388
5,6788
7,0676
28,7475
5,3745
23,4702
1,5737
2,0872
0,8750
3,5635
2,1758
2,3260
0,8116
0,8069
1,1026
3,3472
1,4015
3,0965
2,0958
0,8412
2,8903
6,2772
2,3129
27,0127
1,1552
34,8470
41,4038
7,9997
3,5202
2,2927
2,5884
1,0643
1,4070
0,8247
0,7741
12,2681
3,3022
20,8422
4,4467
1,9121
1,3596
13,3217
0,8365
3,2271
1,8186
5,7398
1,8539
137,5513
12,0717
3,7513
29,9951
11,2549
12,8280
16,4219
7,9180
1,2519
1,0658
13,9738
0,9599
64,2525
17,7971
2,1619
1,1176
2,7587
14,3708
2,4329
1,2913
0,9973
0,7477
0,8750
3,5624
1,3069
6,9657
0,7055
1,0893
0,8719
20,9215
2,0805
1,8733
2,2232
0,9663
1,1776
1,4658
0,0000
1,3597
2,0532
0,8750
0,7359
0,9535
3,6225
1,6969
1,0989
0,9920
0,8046
1,1522
1,8632
0,8967
2,6646
1,4261
0,8750
0,7848
0,8951
0,9429
0,8750
0,7303
0,9948
3,3346
5,5569
0,7941
0,8763
0,0000
0,9640
0,7640
1,3188
1,1184
7,8247
8,9297
4,9367
0,7195
1,3029
4,1126
22,5278
19,8613
1,1966
15,4793
4,7772
0,8407
0,8754
119,1714
24,4870
19,3534
4,7098
2,9861
1,3855
1,0116
11,8818
0,8241
1,1403
18,9910
13,4382
1,1155
28,7333
1,5612
0,7414
0,7015
3,6105
0,7994
5,9249
12,5008
1,3463
0,9537
124,8001
0,7075
38,1371
42,2030
53,6976
30,9595
60,4033
29,2187
240,1631
0,7534
0,7398
5,4950
3,4697
5,6180
23,9854
0,7997
1,7078
2,7854
0,7553
1,0919
3,1973
11,7203
46,5634
12,8502
26,6572
1,8585
0,9564
6,9771
35,5794
36,0191
2,6743
1,0365
1,8653
17,4568
33,9598
2,2885
31,4668
14,1359
2,5035
1,5395
2,3465
15,7990
35,3671
14,1161
0,8750
0,8696
0,7023
1,3484
4,4470
0,7798
0,7653
1,1153
1,3335
0,9677
2,6581
5,4815
7,2335
2,7775
0,0000
1,1570
15,8970
9,0624
1,5608
0,0000
34,5246
15,6208
7,1226
5,6703
1,7257
1,0728
5,3951
0,7172
2,0885
20,2981
1,7380
1,5184
1,0520
3,9933
3,8622
1,3550
1,4789
1,0712
14,8918
101,0789
65,3959
13,5139
7,5315
0,8750
6,3017
6,3457
1,4343
1,0142
9,2407
7,7256
14,1076
22,4863
3,3693
2,8901
0,8430
2,1446
4,8795
1,7461
11,0304
0,8750
0,7018
189,1623
0,8527
28,4339
22,6834
15,5092
0,8823
0,7010
2,0158
0,7010
0,0000
3,1165
0,9175
0,9827
2,0611
3,1851
5,4357
0,7617
1,2259
0,9977
0,0000
2,4782
1,0494
7,4698
11,1875
2,0178
1,1935
2,1736
0,8646
3,0303
3,8106
4,7177
5,6952
1,6434
96,3875
41,8277
16,8826
6,4861
0,8750
0,7489
1,8285
3,4792
0,9420
19,7721
1,4294
1,8866
3,7235
23,7501
19,4997
1,2708
0,7020
4,4813
3,9247
20,7548
1,7609
1,7277
0,9174
5,9579
12,3461
10,1988
10,0432
7,1949
0,8750
5,6524
1,0809
23,2138
27,7874
10,7776
2,1405
8,9838
0,8750
0,0000
0,9228
1,3537
0,7457
1,9985
0,7421
4,7641
0,8750
1,5013
11,2719
5,1621
2,3898
1,2491
0,8750
1,2379
6,5771
9,0698
56,6556
17,0157
25,6588
139,1913
1,3959
1,0924
1,0038
0,9456
1,7051
0,8750
1,3904
1,8993
1,3829
0,8873
0,8833
1,4451
0,8750
1,0865
1,1528
0,9430
1,4017
2,4837
0,0000
3,0036
1,7688
3,6861
1,9255
1,2342
0,9037
1,2171
1,2195
0,9796
2,0238
0,8750
1,7114
0,8750
0,8750
1,2137
0,8750
1,1015
0,8750
0,8750
0,7013
0,0000
0,8750
1,1298
1,2103
1,2080
0,0000
1,4562
0,8751
2,8589
0,8750
1,0486
1,5562
1,1001
0,8913
0,0000
0,9534
0,9871
2,1550
0,7964
1,0462
0,0000
0,8750
1,0814
0,9314
0,9253
1,2807
0,0000
1,4078
2,3207
0,0000
2,0439
2,3476
1,6741
2,4837
1,6465
0,0000
0,8849
1,0278
1,4452
1,1290
1,5112
0,8750
0,0000
0,8631
1,3149
0,0000
0,8750
1,0863
0,8573
0,9386
0,0000
1,1919
0,8750
0,9342
2,0566
2,2291
1,5615
0,8750
0,0000
0,0000
0,0000
0,0000
0,0000
0,0000
23,1363
12,8527
1,8348
0,9519
1,0311
1,3468
1,2136
0,7114
33,4375
0,9527
0,0000
0,0000
0,7278
8,8857
5,6770
0,7076
0,8452
25,6970
4,3400
2,2167
2,8804
2,0057
1,1296
1,2373
1,6028
2,5685
16,1827
8,6146
1,5654
1,5731
0,8564
0,8750
1,0199
15,1635
2,5088
2,3058
1,3244
1,0504
1,9625
16,9861
2,0469
1,0561
2,3788
0,9856
0,8750
0,7011
3,1525
0,0000
1,3812
2,0506
1,6352
0,8750
3,1182
1,1836
0,8750
1,8037
0,8750
1,4440
0,8750
1,7112
2,9408
0,9368
1,1283
1,0022
0,8750
1,5668
0,8750
0,8750
0,9989
0,9304
0,8750
1,0680
0,9112
0,8750
1,7414
0,7010
2,4538
0,9548
1,8028
1,6382
2,9693
9,2251
6,6215
0,7010
3,8638
0,9894
2,2390
6,5506
3,0223
3,7748
0,7139
0,8750
0,8750
2,4262
0,8750
1,3472
1,4778
4,0205
0,7031
1,3357
1,3210
3,6405
2,3483
0,0000
0,9665
2,8938
0,0000
0,8750
1,5814
1,0687
0,8750
0,8750
1,4463
1,7005
0,8750
3,2973
2,0334
1,4789
2,3160
0,8750
0,0000
1,4772
1,3545
0,8750
0,7091
0,7015
0,7311
2,0227
0,9147
0,8750
0,9632
0,8750
1,4125
1,0550
1,1234
1,1625
0,8750
0,9165
2,2382
0,0000
0,0000
10,5984
0,8750
0,7042
7,5825
2,7260
2,0847
1,2962
1,3128
4,1247
1,2513
2,3836
1,8193
0,8750
2,4325
1,4641
1,0928
1,0774
0,7502
0,8750
0,8750
1,6857
0,9735
2,7831
4,5725
1,9818
0,8596
1,0955
1,3043
2,1160
3,7612
1,0487
0,9040
0,7813
0,8750
0,7650
0,7019
0,7913
1,4005
1,0689
0,0000
0,8742
1,1740
0,9181
0,7015
0,8835
2,2755
0,7022
1,9939
0,7011
0,7014
0,7014
0,9628
0,8469
1,2985
0,0000
0,0000
2,2331
0,8750
0,0000
0,8750
0,7010
1,0328
1,8662
1,1210
9,8594
7,7856
1,2732
5,4826
1,0510
194,8876
0,8969
0,7416
2,6984
40,8231
0,7553
9,6533
0,9905
1,4089
1,4938
9,6062
1,0867
0,7286
4,7298
2,9841
0,0000
8,1641
28,5929
11,4894
9,3470
0,0000
2,8557
0,7547
1,1621
23,9994
2,3745
0,9170
0,7315
1,5864
1,5758
14,7468
1,1178
30,0606
0,7029
0,0000
0,7010
2,1670
17,4946
35,0184
31,7153
2,8601
1,3649
0,0000
17,6703
13,4261
8,0024
0,7100
0,7028
11,4536
0,8474
2,3819
0,9467
0,9863
13,5847
1,0390
28,3865
23,6336
3,2091
1,5985
0,7404
53,5566
1,4210
32,4870
7,5405
1,2212
0,8380
48,8227
29,5726
2,8360
4,7940
4,7887
5,9864
2,1648
0,8750
0,8750
2,6675
0,8750
1,1214
0,8750
6,4904
2,3232
1,2014
1,2124
1,4393
0,8750
3,3273
1,1313
1,0539
4,4839
1,3578
2,7232
1,5763
2,0211
1,9555
1,5495
1,1281
1,0572
0,9592
0,9646
1,7377
0,9971
1,4847
3,3792
0,8750
0,8750
0,8750
0,7010
1,9338
1,9759
0,8750
2,2517
0,8750
0,8711
0,8750
0,8750
0,9003
1,1321
1,1932
0,9619
0,7837
1,7880
0,8750
0,7253
0,8685
2,3471
0,7015
0,9107
2,3295
1,8265
0,8750
1,1266
0,7010
1,6837
1,5491
1,3075
0,8690
0,7025
0,8698
0,7139
2,9001
4,3302
5,4281
1,8986
1,2612
2,6294
1,2021
1,3592
5,7822
7,4699
5,5132
6,9224
5,6213
15,7269
9,0102
1,9139
0,7894
4,3456
12,6857
17,5521
0,8751
2,8892
3,7513
2,4408
5,7563
4,4141
1,5760
5,5153
1,1930
3,3096
0,7038
2,5320
0,7023
0,0000
2,4522
2,5603
1,6325
0,8724
1,1900
0,8750
0,8750
0,9455
2,1011
1,4235
6,6376
3,8408
1,8024
1,5832
0,9559
1,3311
1,4768
1,2660
0,9937
0,8750
0,8465
0,8750
1,6374
1,0883
1,0185
0,7177
1,0330
0,7028
3,2331
4,6602
0,7042
1,2886
1,2239
1,8386
8,8832
0,8175
2,2912
0,7317
7,8196
0,8388
5,4803
4,2675
15,6729
3,1722
1,0640
0,7024
1,0305
1,3496
1,3353
3,0449
0,7436
1,7407
2,5230
0,8832
0,7330
1,6763
2,7049
0,9573
1,0252
3,6559
2,9454
1,2272
0,7020
1,0291
1,1243
0,8826
1,9366
1,3660
1,4056
1,0883
1,1486
0,8218
1,1169
0,8750
1,6435
0,8750
4,4003
3,1067
1,5471
0,8824
2,6631
2,2842
2,6775
1,2400
0,8750
3,6562
6,3407
7,9722
8,4842
15,9725
0,8750
10,5583
0,8750
11,2924
4,4458
10,3082
0,8752
4,0663
11,0329
15,9574
2,7040
1,4954
0,9789
8,0653
3,0601
11,0569
10,1650
8,1827
2,4435
0,0000
0,7056
5,9893
6,2675
4,6219
3,9378
3,2741
2,5991
6,0043
0,9665
7,1952
1,2507
3,0678
0,7766
3,3857
0,9880
2,4090
1,2321
1,1520
0,7028
0,7585
1,5195
1,0547
1,2987
0,8750
0,7312
0,7143
1,0179
0,8489
1,1273
2,1876
0,7031
2,8288
1,1043
0,7129
2,1610
1,0689
1,6315
2,1525
3,2466
2,7751
0,7701
1,5994
4,3963
4,4139
1,5226
3,2506
7,3426
3,3313
1,1156
4,7213
16,0109
5,5444
34,2260
23,0939
0,8245
1,0791
4,6583
7,1782
5,9029
3,2986
9,0382
6,2049
13,3575
7,1948
4,4934
1,2844
40,1527
16,2001
0,7056
3,7014
6,1911
36,9387
1,6677
11,9427
15,4991
21,9045
5,4710
4,6363
9,2955
6,3865
2,6094
9,2929
10,4353
2,8838
12,8852
0,7473
4,3297
6,7931
33,3039
26,5801
1,2599
2,4565
1,3884
2,5855
8,1504
3,0145
4,8839
0,9059
0,8711
2,5920
1,1006
1,5566
1,2677
0,9469
0,8878
1,5698
1,3314
0,7569
1,1345
2,4907
1,4081
1,4438
0,7559
7,5732
3,4164
15,0549
0,9959
0,8182
0,8179
0,7660
0,7434
1,1101
0,7089
1,8519
2,6353
0,9349
0,7300
10,4875
0,8519
0,7251
1,0312
0,7876
13,2984
6,6459
2,0748
2,2384
4,3289
6,3431
11,6377
6,2291
1,3236
1,1511
4,4155
0,7914
13,6791
12,5853
7,2371
11,7104
25,8379
6,0896
0,7049
2,2698
2,9393
2,7564
3,5307
1,1721
1,0036
0,8839
2,5311
1,2333
3,3136
1,1349
0,8833
0,8696
0,7918
0,8197
0,8762
1,9952
2,2445
1,0549
1,3151
1,0234
1,0659
1,0497
0,8788
34,3435
4,2337
3,4132
3,6293
1,8814
1,1331
1,4870
2,9240
1,2563
0,8050
1,1381
3,0658
1,5695
1,2515
0,8750
1,3691
0,7180
1,0307
7,5584
2,7864
0,0000
18,5413
27,3817
2,3182
2,0055
6,1023
2,1325
3,7157
1,0097
0,7020
39,5927
1,1573
0,0000
0,0000
21,9774
23,5600
64,2261
34,9985
30,3108
4,0333
8,5517
28,0570
34,3548
16,9150
1,1815
2,4679
6,7082
5,5796
19,1086
6,6571
1,8683
25,2296
4,4923
12,8735
0,7163
6,6201
13,5520
12,7875
9,0656
9,9622
2,0928
3,0740
17,9728
2,6357
2,5540
4,9096
1,1455
2,1497
1,4745
7,2719
6,9719
10,9271
2,1290
1,5663
1,8220
4,6297
2,0927
0,9685
2,0447
2,1728
2,1759
1,0846
1,9710
1,4613
12,5008
4,9499
1,2949
1,7966
0,7810
1,0744
0,9621
1,4782
0,8441
16,4744
1,5435
1,0715
20,3746
12,8362
10,1911
9,1780
1,5296
5,0625
3,3872
2,6081
10,7339
7,2889
27,3820
4,6291
3,9204
3,2819
18,2527
1,0173
0,9870
62,1062
6,4007
0,8750
20,7657
13,6479
9,5763
4,1056
2,6255
1,8886
5,9435
0,8750
3,7878
1,7158
1,6986
10,2253
41,2878
4,5618
29,3651
33,7012
10,2228
17,2007
0,8750
7,6881
10,2293
0,8591
10,1564
1,0533
1,7460
38,9391
1,4607
5,2067
1,6467
26,5653
8,3391
9,7525
17,6257
3,5420
0,7457
4,7703
2,7524
0,9163
0,9951
0,8177
3,3232
1,6581
1,3772
0,8836
1,2703
0,8469
1,3943
1,3418
3,2288
1,4095
1,5896
7,0001
6,8650
5,0040
22,0079
0,8097
1,2490
24,8650
3,2037
3,3624
35,8399
1,8546
0,8892
2,3103
34,1838
0,9032
29,4911
1,4447
1,1832
11,1764
0,9427
5,0104
4,6967
16,2962
15,4027
15,2836
3,1350
4,3265
3,6713
5,7760
7,1889
30,4569
11,1875
1,0480
9,7793
40,7992
0,8448
19,4497
12,0893
4,7523
5,4436
14,9083
12,6836
2,4467
6,8512
1,4087
0,7361
0,7642
0,8100
1,2577
0,9194
2,0412
2,3322
0,8162
0,7772
0,9470
0,7123
1,3413
2,1178
0,9047
0,9095
1,1274
0,0000
9,2965
67,1563
129,5623
111,0878
102,3137
82,3751
1,6810
0,8753
33,1475
13,2244
6,0769
8,9626
11,0448
41,8672
23,0739
47,2072
13,3422
6,1083
27,8494
11,4896
25,8251
3,5704
3,8602
46,4480
28,2093
51,9575
39,8951
5,2642
69,5046
2,5927
15,5653
1,6245
35,0120
3,4523
21,7750
7,3846
4,0150
2,4016
10,0830
9,1945
13,2219
5,2232
8,5990
4,0429
2,8476
7,8647
2,2580
6,0291
0,8724
1,2460
1,3825
5,3596
3,1009
0,8049
1,3261
1,6202
7,6294
31,3562
9,7566
84,1595
1,0241
4,0044
24,1378
0,8750
1,6424
2,7234
0,9744
4,4736
6,0478
35,6014
11,5326
12,5592
7,7667
6,5747
1,4402
0,7887
2,8262
46,2315
4,4517
0,8992
3,4434
0,8414
4,1447
1,8833
4,4193
4,6873
3,5008
54,4083
11,3098
4,6664
6,6764
3,9353
19,6030
4,6645
5,4175
14,6911
1,7680
25,0579
29,0723
47,0229
11,8999
10,0917
38,2166
9,8196
27,9420
39,0928
9,2161
4,6418
39,0452
0,7960
8,1243
31,0004
3,3247
25,9243
5,3696
1,3365
1,1340
6,9971
3,2451
6,3040
2,4836
6,1794
3,8832
4,3459
1,8387
3,3297
2,2750
3,1794
12,4614
6,6706
11,1337
6,7981
10,0064
1,2112
12,9215
8,2179
10,3894
8,3947
3,7227
1,2917
5,8138
2,9157
2,2421
0,8470
98,0015
4,5886
2,5790
5,6754
1,2040
1,4717
1,4720
2,8732
46,6489
1,8213
1,1093
20,0540
24,1639
3,6260
3,7551
11,0082
8,4185
11,9104
14,9005
13,6610
1,9992
17,0491
20,4213
1,5696
1,6938
1,3687
15,7415
1,5482
1,3832
1,4135
1,8752
1,4642
2,0740
1,4288
1,7702
0,9010
1,6994
1,0299
2,0888
2,0792
0,8806
5,5639
1,6142
1,0235
0,7280
0,7352
2,5498
0,7168
0,8376
1,5011
3,5423
2,7012
22,4413
8,4285
2,1658
0,7019
1,8677
1,1353
18,9113
7,3285
4,2275
7,4421
2,9986
1,0629
0,0000
0,7991
10,4176
16,7114
2,2712
6,5041
12,2487
2,0169
2,8411
2,2651
0,8565
0,9064
1,4956
0,9157
2,4528
13,5159
1,1363
0,8940
25,3633
9,1388
0,7895
1,2419
4,9722
1,8690
5,4520
1,9871
10,7311
0,0000
0,8849
63,1754
104,6032
78,4294
3,2819
9,0807
0,8750
0,9188
3,4049
13,8034
33,9282
16,6224
0,7423
1,6959
14,2141
0,9540
3,7625
0,8750
0,7016
1,6633
0,8749
1,2957
0,8649
1,0009
7,3197
16,8059
5,0964
15,2060
5,6486
2,6523
0,8392
0,8357
2,5782
9,4994
19,0327
0,9298
0,7866
0,7216
0,9919
11,0576
6,0499
3,3407
1,3546
2,1736
0,7502
11,4239
1,2728
6,4983
3,3525
1,1907
0,7672
1,3728
10,8007
7,6765
2,6617
1,4728
0,9794
1,7835
1,3160
2,2081
5,6597
3,7668
1,1137
0,8126
1,5207
3,5045
5,6140
7,5334
2,6883
0,7814
2,5260
2,0591
1,4945
0,0000
0,9137
6,6182
0,0000
1,9455
0,0000
20,5380
5,9934
1,6696
1,3081
1,0147
0,8750
12,5788
168,2271
107,9933
171,4520
0,8751
108,2658
0,8751
27,4014
9,5956
5,8971
7,8421
2,4555
74,9206
5,6445
78,0325
147,6541
94,3032
133,0695
23,6262
1,2751
6,6880
39,6152
37,6666
69,4675
8,3340
63,7450
118,8582
117,7708
111,3765
125,6722
109,8377
62,2505
50,9587
5,5448
30,8446
11,2688
0,9886
5,9013
0,7404
2,5373
1,3563
8,6601
12,4906
7,3459
1,2350
1,0225
4,4750
2,0902
0,7539
2,5575
0,7688
2,4120
2,0612
5,0555
6,2973
7,7806
8,8592
1,5833
34,1035
30,8933
11,7698
16,0246
1,0866
1,3363
35,2055
7,8024
3,4565
10,1173
12,8078
11,8535
15,7501
40,2618
15,0410
51,2315
7,3316
11,4289
7,5022
4,7657
2,1078
3,1394
66,6882
10,6097
5,9307
0,8313
11,5675
3,5653
8,6034
6,6145
5,9133
43,5809
21,9143
3,8984
17,4097
2,9450
28,1760
16,4741
24,1584
31,1757
3,6755
20,5429
47,6956
11,3278
36,5690
50,8580
32,7028
62,7055
52,8256
19,9952
23,1291
18,0379
3,7601
1,4743
19,8545
58,6466
19,6063
47,1858
1,0307
2,2264
12,2583
3,9838
6,1189
22,8426
8,9313
11,6196
11,1518
8,8393
8,6261
8,3317
17,8176
16,8251
30,6837
16,1955
20,1362
11,6267
9,8216
14,9116
18,6970
17,9334
17,7055
11,4059
1,3455
10,9009
7,2949
1,8849
3,9445
20,8875
80,1430
5,8779
6,0992
9,9719
10,8287
1,8573
34,4895
1,9073
5,2559
33,5370
39,3665
30,9418
27,6915
1,7152
2,0270
1,1148
4,1836
18,6143
1,1688
14,8095
2,6490
2,1109
24,9865
3,1922
2,9142
6,2669
3,3005
1,7649
3,0738
25,2404
2,5417
2,4217
4,0398
30,2738
0,8499
0,7604
0,8389
2,6539
0,9576
3,2618
9,0151
0,9473
2,1436
1,1375
2,7534
1,2402
2,2990
0,7732
0,7951
2,0268
35,5348
26,1044
9,8174
1,3652
1,1496
36,7830
18,6595
6,6892
2,7220
1,9187
4,7091
2,3705
1,6893
0,7055
0,7858
32,6182
1,8436
20,3881
2,9864
8,2032
2,6360
0,7012
1,8516
4,4455
2,0750
3,9815
1,7263
2,1373
51,9350
0,8741
1,0445
2,5852
0,7017
5,1576
0,7247
1,3799
11,2475
1,4551
2,5435
1,0762
43,0932
1,1744
1,1043
4,6582
0,7293
4,2869
1,9691
13,9023
5,4946
13,4100
4,4308
1,3544
3,5944
1,3073
0,7877
0,8702
2,2150
11,2328
6,2813
19,2593
2,6201
0,8770
5,7686
8,7998
2,2057
4,4523
3,0050
1,1321
4,7818
33,2973
4,3501
19,3465
25,6329
17,8832
8,0120
0,8754
0,9982
0,8561
1,0424
1,9440
9,2091
9,8557
1,4268
2,4121
0,7575
2,6261
0,7039
1,2492
5,1232
0,7287
17,5288
3,4727
0,8258
60,1986
1,0621
0,7020
7,9116
0,8750
0,8750
6,3820
4,8503
1,7047
0,0000
1,3472
2,8132
2,1687
1,0959
1,0172
2,5453
0,7010
9,6774
0,9097
11,3833
4,0179
6,0517
1,4892
10,0983
0,7661
0,7273
0,8682
0,8750
3,2107
39,2420
2,7255
6,6133
1,1685
0,8909
2,3971
0,7174
0,7746
0,7105
1,9498
1,2156
8,2836
1,7313
21,7657
1,1275
2,4255
3,4820
1,0309
1,6476
10,7214
0,7039
5,8878
0,9849
1,2972
1,2428
87,5362
132,0852
129,6423
151,3588
54,5777
0,8750
1,1389
34,7966
3,3872
76,5641
2,4798
0,8750
13,9691
1,8902
24,4223
5,3667
8,0017
21,0368
12,9156
2,8960
110,1145
40,1187
42,1632
10,1319
3,5337
76,0024
38,7204
57,1787
68,1482
31,6839
3,1126
49,2786
4,4836
5,4512
37,9553
1,1515
1,9831
11,5656
7,8076
14,8567
3,0709
2,0278
1,8199
4,5547
4,5044
14,0124
2,9476
6,4278
8,0983
7,5053
4,6245
8,4380
9,1589
16,6535
1,7597
11,2138
1,0386
13,1160
9,8377
8,2255
0,9902
8,6365
9,7040
10,4046
12,2871
13,8570
10,6096
4,0584
22,3758
4,9523
1,0675
14,7803
22,3046
0,8965
15,3397
6,5868
4,4469
2,6399
2,1688
7,7087
0,8340
1,0450
2,7937
4,0828
1,0721
14,7960
5,9251
0,8967
6,2615
4,8604
12,3739
15,6405
14,8860
4,7467
2,9902
10,0188
2,8672
1,5642
1,8628
17,1185
1,0014
39,4928
1,8269
14,7019
19,1596
49,2942
55,8091
35,7439
0,7492
52,9531
3,3397
2,0883
1,5458
28,8329
0,8340
10,4187
22,1399
44,7057
9,4929
2,6837
9,0416
22,1351
5,9289
8,2536
3,8192
22,7642
4,9639
15,0797
9,0368
9,4855
11,1278
16,1712
1,7754
11,0827
3,1204
21,0883
8,8520
20,8395
23,9816
11,5755
18,5631
12,6584
12,2249
14,6989
13,3922
20,4519
9,4785
22,5253
2,9003
3,9710
4,7099
9,7246
10,5970
2,6049
7,1717
7,9670
1,5046
11,5928
27,8504
1,1846
13,0177
2,0188
0,8893
1,7373
2,4313
1,2209
36,2264
1,8840
27,7825
0,9537
4,2899
0,8664
1,7051
2,2435
1,5562
8,5901
2,3444
2,1930
21,6827
3,1210
0,9476
2,2993
23,8654
2,6660
13,6625
1,1724
1,2207
5,5027
0,9026
1,8232
12,9989
0,9491
0,8037
4,6120
4,6204
0,8250
1,5063
5,2326
2,7331
227,3153
0,9401
5,2176
8,4673
19,0089
0,7315
32,5506
7,5112
28,1467
5,0272
3,5407
2,8108
22,3639
0,7025
0,8750
0,7016
26,6801
13,3510
1,7035
0,8552
0,9598
1,3953
1,3605
2,9147
12,8393
28,0130
10,9953
5,6407
1,8114
13,8659
1,0398
0,9131
0,8750
123,9045
6,7141
6,4473
72,4019
5,6984
60,9251
0,7049
5,9737
2,6746
1,3623
2,7028
1,2160
0,8903
30,2101
15,4186
8,1302
1,3762
0,7035
1,9905
7,1150
4,1872
28,9035
12,0346
3,9301
0,8750
3,8368
24,6604
1,8941
0,7020
14,8074
3,0549
129,0529
1,7486
0,0000
8,3890
4,9093
1,2050
1,4236
1,2243
0,7010
8,3721
1,1939
2,3262
1,1106
0,8724
0,8750
1,8857
13,5179
5,6353
1,8466
1,0459
1,1244
1,2523
1,7967
1,6796
4,0682
0,7726
1,9206
1,5918
0,8750
0,9075
1,4898
2,6708
3,8173
2,4587
1,4606
0,7626
2,1347
1,1844
2,8759
1,7878
4,8438
25,7690
0,8308
2,7292
0,0000
0,8141
1,1566
0,8235
0,8012
0,0000
78,5928
0,8704
2,4897
1,9278
0,8069
0,9714
1,2761
25,8695
13,8317
12,7965
7,6561
4,1020
1,4722
0,9410
0,8094
19,7989
1,6476
1,2738
4,3738
1,0236
0,7101
2,3380
20,3899
8,8842
5,8321
0,7032
2,5598
10,9398
2,0434
5,7063
2,0222
1,8873
2,5119
3,6465
1,2567
54,3924
0,9995
13,2729
17,5864
2,9678
8,5552
7,4654
2,9203
7,6791
1,7907
1,1059
22,5885
12,5955
3,4997
3,9152
2,2205
0,8750
22,4930
20,3088
5,9637
0,8750
101,2221
3,0008
108,7615
40,3382
0,7519
0,7048
0,9378
1,5311
1,1968
1,4823
34,0188
21,7432
1,4250
0,8056
0,8695
0,9530
5,9129
7,1469
13,3758
11,3131
1,7680
1,3771
2,7835
3,6818
0,8532
1,7446
24,3314
1,2306
6,1721
22,2305
5,3047
0,9835
1,1633
20,1248
2,6149
3,7325
5,1708
1,8931
1,1214
2,6141
4,0132
4,5694
17,7601
29,1397
10,0803
2,7992
0,7816
0,9053
1,5001
28,0950
23,5297
4,9611
4,1188
3,8027
6,9608
1,0645
0,7010
10,9363
3,1552
2,7088
0,8764
1,1087
1,6582
21,7112
4,5025
1,6126
8,6083
1,0275
12,0914
37,8195
8,0797
72,3740
35,6832
6,3692
5,9076
2,0561
1,4215
0,8418
1,1164
1,3985
5,1746
8,1312
27,4077
13,8567
1,3548
8,0497
3,3470
86,8714
2,1378
19,4412
0,8057
9,5935
3,3053
1,8091
44,1502
71,7517
59,4576
21,2457
2,3077
172,8597
59,3232
44,1919
40,1775
28,9416
24,7297
2,8755
1,9596
0,7538
1,5648
2,5963
4,7402
3,6739
2,5244
1,7184
0,0000
3,0230
33,3668
50,9443
13,0915
5,4111
6,9140
9,2140
19,5387
45,2871
66,6489
171,2141
10,7610
8,5731
7,1842
4,9168
1,5862
4,9849
15,5559
39,1491
68,1933
84,4903
6,8826
7,8760
3,6879
7,3606
0,7764
0,8039
0,8067
30,2084
22,9627
1,4193
12,3620
14,7409
4,6043
3,1858
1,0810
1,1491
15,0736
1,0091
2,5039
1,6324
4,1363
4,3923
7,7508
1,4502
2,2576
1,0121
0,9599
0,8750
39,9162
30,7434
14,6025
205,1824
26,6942
18,7650
10,7833
8,4644
0,7909
161,1737
17,8336
16,2630
4,5447
15,8182
10,7338
51,6933
3,3008
1,4085
2,4314
1,1065
24,7507
12,7316
49,5081
1,6962
0,7709
17,9218
20,7543
10,6993
0,8850
6,7502
1,1974
3,5908
1,2880
0,8750
1,3227
0,8750
24,1025
29,5201
35,4803
72,1639
15,0091
1,4904
36,4594
48,0159
30,1044
126,0071
3,9665
18,9867
0,7641
29,8712
14,6237
29,7737
4,7342
0,9070
13,4364
4,8912
3,2166
1,5367
8,2789
3,3584
17,7480
28,8836
0,8422
1,3040
0,8750
1,8044
10,2377
27,6588
26,1313
31,6992
1,8690
104,2187
18,1159
12,9710
21,2655
31,7542
50,3722
40,8636
6,4317
14,1902
2,6930
14,9337
17,2240
5,9344
0,8117
16,6714
0,9524
0,8753
1,3663
0,9125
1,1102
24,5137
3,2352
5,6526
11,0829
1,0400
4,6078
4,8234
1,9041
1,3594
2,4216
2,0677
5,1594
0,0000
1,8222
17,1271
84,3537
28,9659
52,1023
116,3389
19,1641
19,0392
24,3472
1,7393
0,8499
11,0555
14,2787
24,0798
12,0915
10,4119
26,0916
1,4615
2,5293
1,3480
5,1588
3,7034
1,1494
41,7512
0,8399
0,8750
6,7520
16,0226
37,7645
1,6267
2,4072
10,0473
0,8750
0,8750
41,0948
5,6069
29,6369
27,0379
31,6975
18,6012
17,6268
16,6446
19,4358
22,0827
11,5199
10,7385
3,4858
14,1078
1,1506
15,9355
58,0265
98,2282
2,0667
2,4212
1,4053
0,7876
3,0216
2,1954
47,1508
128,0140
0,7538
0,8283
0,8529
17,4557
30,7350
26,7346
44,6955
2,0670
4,0317
4,7209
11,9829
0,8750
1,0504
0,9795
23,9059
14,5177
14,2232
14,8717
21,9852
9,7217
10,5394
10,7185
8,8525
0,8686
1,8550
3,0398
2,2353
1,2309
0,8292
1,9929
54,3925
127,4123
1,1542
0,8124
24,0008
1,6740
87,8729
48,2114
98,1640
1,0010
0,7188
6,7746
14,6877
3,7492
25,5826
0,9290
1,4087
13,3339
3,3294
3,0053
9,8736
8,4732
7,4890
1,0765
4,5485
2,9058
1,5592
1,2498
0,8062
9,6023
1,5431
63,7234
1,2094
0,8081
0,8606
2,7066
1,7894
38,3046
105,6720
156,6472
1,1458
7,8561
17,0587
1,1649
11,3861
8,0729
0,9432
1,6262
0,8750
137,0437
26,1415
20,0192
24,5017
36,2221
17,2130
12,7679
2,1517
17,1777
1,9995
13,0332
1,6022
10,2386
11,0741
9,8495
17,9456
0,9489
1,5533
7,4932
0,7837
6,3995
0,8750
7,5914
3,2256
0,8393
0,9580
0,7981
5,2242
5,5585
3,0066
1,5366
150,0673
6,0703
0,8247
9,2528
18,3592
2,7181
13,3363
37,7717
66,6001
120,6391
0,8750
0,8750
0,7021
10,6282
4,7073
9,1514
4,4940
30,1180
1,6664
7,2570
2,0138
0,9105
1,0697
0,9833
0,9412
0,9913
0,7352
0,9746
11,2186
9,2060
8,0714
2,2389
3,4421
9,9008
1,2106
1,1525
6,5716
15,5838
32,0938
0,8750
0,8750
0,8750
0,0000
6,4749
2,4494
25,2049
14,4358
18,7507
18,2546
1,1701
11,9384
12,3110
12,2293
0,7493
4,9309
1,0187
8,4233
8,8474
8,3552
4,8817
1,0408
0,7351
1,7275
12,1381
10,6721
2,0767
6,7079
5,9194
3,6422
3,7729
3,6063
2,7047
2,1200
1,3311
2,8894
1,4625
1,1806
1,8068
1,4035
3,1226
13,2150
20,3610
1,1054
0,9950
13,0488
54,7515
0,7475
9,0980
0,9230
5,6614
4,9745
6,8134
1,4578
4,5754
4,1450
2,1142
2,0473
5,6198
5,3980
0,8750
2,8086
1,4694
1,5301
3,2336
1,7261
1,9016
5,7160
1,9417
0,8697
1,8796
3,1905
4,7706
13,2271
25,2629
36,9684
30,8796
26,0528
2,2326
19,1696
4,8477
2,0725
2,4731
5,9654
1,5878
1,4196
1,6899
1,7299
24,1292
3,8297
1,1518
8,5558
55,8665
1,1730
9,2055
0,7846
2,7816
0,8075
3,8126
0,8494
16,0631
0,8536
6,4656
14,6492
2,9286
2,6099
2,2699
7,0025
2,5828
2,4918
47,2437
5,2160
4,9579
0,9042
0,7060
0,8750
0,8750
1,6604
1,0304
6,3473
1,1305
44,9426
1,2024
19,4448
0,8750
9,8660
2,2677
1,9965
12,0391
4,2485
0,8750
3,6770
0,8750
0,9861
1,0069
0,8750
4,5117
5,6450
11,5763
26,4062
162,5511
0,0000
1,1341
1,5853
2,7103
2,5298
0,7024
1,0304
109,9103
3,1537
3,8737
2,4094
10,7440
76,5182
1,5015
8,7887
1,8546
10,9347
5,2902
1,1256
16,1904
6,4295
6,1564
58,5505
4,0626
4,0371
0,7874
17,6841
18,9970
2,9230
2,2736
2,5337
3,1251
3,1561
0,8626
9,2997
9,8224
0,8550
0,8783
1,0530
1,0015
0,9005
1,9140
2,3778
2,2617
2,5337
1,9999
0,7010
0,9541
1,9526
1,5883
1,0653
38,9636
26,9952
77,7151
2,1426
11,6301
14,5531
26,6933
1,6546
2,7918
12,7095
9,4491
5,4653
90,0064
9,1168
2,1573
29,5343
6,6218
4,9701
3,7553
1,0442
6,4204
0,7849
0,8598
19,5002
3,4153
2,5108
2,2447
3,1412
3,6212
4,8951
2,0091
10,3494
1,9729
1,2893
37,1722
1,5249
1,8692
2,4386
1,8471
2,9111
0,0000
0,0000
0,8750
1,3732
0,7022
0,8750
1,9499
24,5982
17,2557
14,6570
8,7100
2,6662
10,2756
10,4627
6,5970
8,3005
2,4337
6,8797
5,0444
4,4585
5,5405
8,4748
0,7262
5,8238
3,0868
2,6778
3,8156
5,5225
8,8620
2,0157
1,0443
2,0295
43,2219
2,6038
2,5681
1,6484
1,8461
4,2019
2,1742
2,2124
0,8753
4,2551
1,3868
39,1201
25,0471
39,9974
27,1626
19,5444
19,4500
52,8813
21,8119
16,7757
12,3586
10,6292
38,3639
70,6148
1,5978
10,6271
8,4223
3,9448
9,0031
13,1760
0,8064
1,0476
9,4992
7,0439
3,5921
5,3765
7,4207
10,6795
15,4384
0,7088
8,7672
3,2965
2,2468
3,8716
5,4046
8,9480
2,4351
1,1592
2,1748
14,8751
2,2365
2,7526
0,8750
0,0000
0,9030
1,9154
2,5163
18,5384
14,9972
16,6665
9,8292
9,7117
6,3959
18,9843
10,0240
7,8600
7,6915
3,6626
15,0267
22,9652
8,3613
0,7486
0,7607
3,3730
9,2049
14,6359
7,8600
4,2149
1,8928
1,7707
7,2544
0,8342
1,5711
0,8428
3,4751
2,9277
3,1858
0,8750
1,7239
8,8249
16,0976
26,5470
7,3198
21,9987
4,4555
15,8679
10,9513
50,6083
61,7854
2,4640
15,8187
15,0511
13,0475
11,1677
6,3733
5,0452
5,7411
33,1369
41,8837
47,5184
7,3042
1,5490
8,5695
1,1362
6,7967
5,5846
5,0550
4,2046
15,2569
19,3104
24,8891
32,7449
1,4578
0,9300
0,7434
21,0556
11,0836
3,7965
4,6240
4,1707
10,5660
1,6395
16,1710
19,9554
0,7870
6,7289
10,9659
4,1537
7,6257
3,9148
5,6060
1,8718
0,7869
10,9196
2,2484
0,8191
1,1367
1,4183
1,6442
0,8413
3,3010
0,8920
0,9146
0,8674
0,8431
1,6289
0,8309
13,1252
4,5946
183,5533
19,6622
5,1574
3,0528
3,1701
58,6913
87,2494
5,0721
4,4475
2,0542
12,7607
6,0592
5,8963
6,9583
42,5230
52,7527
1,5235
11,1286
1,1416
7,7123
5,0668
11,7846
2,5297
2,3849
28,1796
36,8207
1,0094
0,7431
7,7976
0,7683
5,0260
8,3104
3,3433
1,8168
0,7768
1,3943
4,4468
5,3760
2,5900
2,2965
8,1947
0,7970
1,3266
1,6549
2,2122
3,0348
2,0077
4,3593
11,5444
2,3392
5,9173
1,0974
36,1794
2,4589
1,6976
26,6093
17,5391
15,9872
16,1929
8,4355
10,1742
62,0556
19,9762
6,4236
8,2574
11,7607
11,4651
3,6533
23,1769
2,8946
6,0671
0,9857
1,5430
1,3293
6,6695
9,0381
11,9661
15,3837
2,1149
32,0890
1,1317
1,7368
0,9954
3,3610
4,4934
2,7936
2,1288
1,0748
1,1954
24,3034
31,3957
0,8525
1,8713
1,5102
1,1126
0,9281
6,5255
8,2753
9,5090
2,0245
1,0360
1,2887
1,9858
2,6851
0,7027
2,8890
7,0041
0,9032
4,4675
2,6048
2,8697
0,8633
3,6614
1,7390
10,0365
0,9698
9,2488
3,1879
3,1310
10,2975
5,6268
9,3714
9,7490
10,6753
31,7523
1,7479
1,7679
1,5764
4,6382
5,9686
4,0177
14,1854
6,5304
1,7526
1,4473
19,2809
3,7347
0,7601
1,3129
0,8072
18,6668
5,5752
7,9764
1,7847
2,1102
0,8123
5,3528
0,8328
6,7775
0,9044
3,6597
3,0112
27,9133
3,6472
1,7039
30,8623
28,1212
11,0297
6,5532
8,2745
1,2455
0,7523
37,6233
2,7414
3,4148
3,5504
2,3309
4,5517
3,6592
9,0614
2,2138
4,7658
1,9207
1,9390
36,0784
1,2759
7,4830
7,7645
9,9882
26,0987
1,5100
4,0543
1,5841
22,5134
4,6489
4,6075
5,1307
5,2735
4,0133
4,4816
6,4717
5,8767
1,3977
1,0099
0,8379
9,5848
0,9125
3,7630
2,9193
3,1850
5,9296
1,2133
72,5177
88,0652
1,4688
3,8412
0,7010
0,7084
3,4957
3,0318
1,2967
20,0094
14,4996
5,8053
3,3483
3,5369
11,7076
5,7419
1,2142
0,7423
3,6167
1,1637
1,2725
7,1361
8,5598
2,3514
0,7489
19,5913
1,3459
9,6632
1,8486
1,8571
4,2305
10,0505
2,6833
1,5366
8,0200
1,0740
1,4889
1,7995
2,3202
0,8040
3,0520
0,9470
11,2062
1,0740
3,3969
3,2088
7,0010
13,3793
39,9392
20,7413
17,3749
34,2448
15,7537
37,7197
1,7768
45,4917
26,5472
24,3863
18,6818
10,6439
6,1170
2,3323
1,5510
10,5847
7,4477
10,1190
1,1588
16,1837
2,5601
1,2008
1,1886
3,0918
6,4372
0,8749
0,7405
4,4673
6,3422
1,8580
0,7793
1,7503
2,9902
4,5717
7,9162
1,6679
4,3599
5,6651
0,7577
1,3647
2,2343
2,1424
3,0083
2,3715
1,5364
0,8515
0,7487
0,8860
0,7028
3,6730
3,0243
7,2307
9,4473
5,3336
8,7153
16,2684
20,4303
3,8541
8,8174
0,7368
11,9868
9,7416
1,0221
0,7913
13,8400
1,6594
3,3315
2,5506
2,2157
1,2098
1,2122
3,6237
6,5093
3,2139
3,9771
1,6190
15,6006
0,8240
1,4531
3,2931
7,1734
4,0009
1,2299
8,9153
1,0578
1,7201
1,1947
2,0813
0,9375
0,7270
0,9481
4,0204
3,1752
4,8519
7,2254
2,9531
0,8560
1,0631
10,7202
5,8533
18,1029
1,0295
0,7650
20,4552
21,9242
11,1644
10,8914
11,3441
0,7547
4,8581
0,9575
1,6783
2,3868
6,7225
1,0227
1,3186
0,7549
4,4389
1,9263
1,0176
1,1626
1,4438
1,1955
2,9881
3,7199
3,1467
1,0123
1,4550
1,8669
2,2083
5,0240
1,7426
0,7801
9,1049
1,5296
0,9948
0,9891
2,2722
0,7026
0,7032
2,1028
1,0988
1,4009
1,1294
0,8705
2,1617
3,6791
2,3258
3,1691
1,2109
1,3932
1,3056
0,7744
19,4423
10,8849
10,9310
0,8097
14,1335
3,6698
4,0373
2,2082
1,9961
1,4233
0,7586
1,5025
2,0298
2,2350
11,4609
7,9641
1,7287
13,2860
0,7694
1,0474
3,1382
4,1534
2,1253
1,1510
16,1362
1,0687
1,4242
2,3796
0,9503
4,0500
15,6411
13,1531
0,8750
0,0000
1,8389
0,9549
0,8750
1,5825
1,3524
1,8426
0,8750
5,5350
36,6878
30,0760
21,2746
15,4613
6,0132
22,0737
18,5545
14,0613
10,1934
1,0636
0,7498
1,9279
3,4968
1,8785
9,1202
7,2597
6,1465
4,6485
2,3207
0,8009
1,5246
1,8918
2,4341
0,8728
4,7773
3,5190
1,9088
0,7720
0,8095
0,9884
1,2043
2,9717
3,8230
2,1747
7,3975
1,4160
0,9550
1,2858
1,4388
1,1680
1,9808
14,3625
14,5505
0,0000
14,3080
0,8750
1,1209
176,8746
1,1198
66,6616
5,7094
13,0520
1,0594
5,1006
3,5499
13,7952
9,7171
6,8165
3,7917
2,0668
6,0832
3,8710
6,9375
5,3570
3,6123
1,7794
2,2542
2,9893
0,7408
4,5972
3,4804
2,5187
7,3723
1,1411
1,5458
2,6351
3,2189
1,5326
0,7995
0,7807
1,2966
1,3256
0,8731
0,8138
1,1545
11,7920
5,3283
6,3002
10,4341
1,7027
4,3554
0,8363
23,4216
8,6169
6,7606
3,5480
27,9520
21,7670
17,1558
8,7623
6,5524
4,1662
3,5520
3,0111
1,0697
5,1830
7,0161
2,5224
9,8476
13,3812
5,8097
9,3803
0,7405
0,8503
2,4240
3,4722
3,6994
7,2646
5,8865
3,4508
0,7773
0,7122
0,8444
1,2194
2,6358
3,0589
2,7922
3,7743
1,8614
0,9141
1,3462
0,8908
0,8482
1,0651
0,8573
0,9382
1,1345
2,5405
3,0936
0,9394
1,9387
3,4449
16,3484
15,8500
8,6333
0,9233
0,7370
2,3998
10,2982
9,8578
4,0497
5,3854
6,5210
0,7362
8,7135
4,5694
4,8757
6,4523
8,4663
17,0155
5,2998
1,1975
1,0771
1,9559
2,1448
2,5742
3,4708
4,2648
1,7032
0,7083
0,9695
3,9845
1,3712
2,3561
0,7029
0,8090
0,7352
0,8310
1,8445
0,9642
37,1640
3,7884
0,8211
1,3497
3,1663
28,3355
6,9632
5,8725
6,1503
3,5933
1,9546
0,8673
53,7147
4,3470
3,2735
1,4224
0,9400
16,2646
0,9015
19,1797
23,6007
23,0444
1,4306
1,8175
1,6537
0,9137
0,7360
8,7780
0,7095
0,8302
1,7640
0,8815
1,0951
0,9962
0,7059
4,4524
4,7622
1,0454
0,9577
1,1903
1,6135
0,7435
0,8750
0,8464
0,8560
9,5711
57,2013
56,2325
161,4361
157,4001
188,3481
42,3354
9,1863
63,4989
17,9496
33,0466
14,1870
2,9801
4,0972
31,8278
2,9095
4,1503
9,6270
78,7303
32,9883
0,8132
0,9125
11,3707
32,6138
1,7290
3,9208
16,7657
4,8892
10,0371
18,6030
33,7129
16,8272
7,4347
10,5120
22,4121
25,4812
19,6278
7,8735
7,2161
8,8256
12,7367
0,7376
4,8341
14,4531
4,1978
3,5603
5,7953
0,7539
10,6102
4,0218
1,6653
1,2085
2,5401
3,3478
3,3714
2,0484
6,3145
0,8504
1,3378
0,8808
0,8049
1,5736
1,5503
45,4069
9,5198
4,5160
0,8446
23,2899
33,2734
2,1051
23,9758
9,3985
14,4420
3,4004
25,8814
18,0385
19,3815
2,2137
21,9104
0,7926
2,7001
38,5437
7,7892
4,7678
6,4182
22,6208
1,1917
6,4763
5,4870
26,7460
4,4544
7,8776
9,0476
0,9463
0,7512
4,4189
3,8251
15,3843
2,0349
3,5220
4,7119
5,9987
4,4411
10,9198
1,9528
0,7246
1,6199
1,5417
3,0077
4,1661
3,1084
1,1426
1,0024
12,9655
8,2723
24,4772
33,8707
44,0381
6,1735
17,0704
11,7328
34,6687
20,5495
17,4311
12,3035
27,1159
60,2444
32,5722
16,3645
1,5133
13,5236
11,9521
9,2960
20,2663
39,9901
73,7192
9,8859
11,4286
7,7013
8,2888
0,7690
18,9401
19,9582
4,1019
6,0205
4,2343
5,2893
3,6599
2,4883
0,9270
2,3086
1,1253
4,3213
6,7310
1,3290
1,5779
1,8703
2,5265
0,7237
7,5071
10,1702
34,2341
27,9900
16,8304
1,6078
33,2686
2,5764
38,6938
36,5866
25,6970
22,4822
17,1210
18,5441
23,2057
39,0660
87,5137
165,3541
17,3166
14,2335
14,6962
13,1266
1,2700
25,3285
0,7556
41,3608
109,5920
6,8595
12,9942
1,0471
0,7505
7,7784
5,6158
4,7972
26,8983
0,8473
5,0875
6,9265
9,0081
6,4272
4,7492
11,6579
3,7805
3,0397
1,0269
3,1891
1,0787
5,0576
4,6361
1,6879
0,8016
0,7024
1,0466
0,8750
2,6270
1,9879
4,7948
23,5679
1,4802
244,8918
33,7342
13,5888
6,0194
34,4143
75,6456
204,6280
6,0925
11,8716
14,9162
31,2061
69,5186
86,2501
4,9030
2,5717
3,4443
9,1219
17,0076
30,0632
44,1623
5,1680
1,2707
3,0850
1,2489
2,2083
4,9837
7,5398
13,6809
12,4926
10,4289
7,9905
2,4847
10,2623
1,3254
7,3030
6,8541
10,9921
1,3794
4,1630
0,8110
0,7038
0,7036
3,0224
0,7213
6,3241
0,9299
1,4045
0,9273
99,3796
121,2294
103,4605
1,2629
36,2330
58,1405
1,5342
18,6586
3,8236
15,0029
16,9359
1,4417
14,4032
35,5718
76,0904
76,6822
15,6982
11,0004
7,6370
3,3361
1,0790
14,4416
19,8481
55,2615
4,2481
119,8384
7,5642
16,0152
4,3585
1,2618
1,1510
4,6095
19,6879
18,7565
28,3543
1,1217
1,1305
8,5502
11,4079
0,8014
7,6638
0,8205
0,7563
2,9363
1,2774
0,7087
63,7893
206,2063
102,8900
122,2895
6,5676
112,0671
23,0565
51,8784
56,3013
3,1399
4,5428
45,1307
1,7242
200,5189
10,0242
81,7189
33,0167
42,4473
1,1112
15,9799
0,0000
14,6297
20,6075
22,4040
3,5583
5,0579
26,7538
4,5229
1,6057
2,7301
14,0924
3,0511
4,5794
27,4984
1,1683
1,0239
5,5398
32,2833
8,2022
8,0544
44,0702
85,4035
28,4295
6,0247
50,9173
2,8165
21,1114
17,5050
1,0601
3,8167
7,0670
31,7339
0,9610
161,1386
22,1507
3,8774
4,0734
9,7053
39,3154
33,2979
129,2907
11,9763
2,9808
0,0000
13,9302
2,1239
87,6164
129,9389
4,8268
0,9584
1,4490
1,8859
4,1016
8,4594
0,7132
7,3869
0,8750
1,8666
24,1321
5,4163
5,7329
1,4813
6,4554
7,8971
199,3545
13,1512
4,3126
0,8670
1,1594
8,6732
6,7813
3,8794
3,8757
2,5278
6,7547
2,5632
4,0893
2,2595
8,6444
4,5838
41,6956
9,3105
24,3140
2,3346
3,9160
1,7123
6,5932
0,9464
4,6441
62,0870
59,4981
39,3445
0,9941
2,7412
1,3491
8,3083
39,6394
23,8814
5,5366
12,3818
2,8731
12,6048
67,2184
94,5400
42,3759
12,4431
1,2359
1,1056
9,8226
10,3447
0,9340
47,7237
19,6380
0,9520
1,4174
4,8755
0,7663
0,9882
1,3489
0,8590
2,0179
3,0498
15,2509
8,9963
10,5143
8,4011
3,0388
1,0047
0,7014
1,3451
0,8290
0,8218
3,3017
3,1618
0,8750
0,7994
5,1669
12,0047
10,8796
2,2705
7,1527
5,1201
2,8304
18,6378
0,7368
7,0768
6,3030
9,5872
9,9696
11,3996
1,5634
16,0863
7,5157
28,8167
32,5374
31,6805
21,1479
10,6451
0,7499
32,4692
5,2123
20,7943
31,2730
0,7501
7,6168
8,2711
6,1840
14,8168
15,9138
45,9607
21,0920
9,5391
3,7782
0,8064
3,6696
2,4549
4,2544
7,2418
0,7610
23,2422
1,4698
2,6758
1,5315
0,9530
4,8507
7,0996
4,5358
6,7997
0,9416
0,8200
2,6065
16,4147
21,2085
19,5121
0,8398
4,9550
11,0058
10,6773
12,8640
12,3012
13,3835
0,7050
1,3848
1,7940
3,2170
2,3225
0,8528
2,7870
0,8190
1,5981
1,4887
5,8185
9,6105
11,9701
5,8819
1,7123
1,7867
1,0301
1,4882
1,1138
1,0796
3,6060
2,6094
1,4162
0,9628
5,3045
5,7835
0,8750
1,6283
1,8241
0,7284
2,2968
4,7063
0,9499
2,6525
7,5944
2,1497
6,6361
16,5795
2,7709
0,7421
0,9323
15,1083
1,0174
3,7369
5,5997
8,1554
0,7486
1,1400
8,2560
1,6631
17,5062
2,2688
16,6838
2,5144
22,8128
15,5680
2,6975
27,8895
20,7031
2,2517
26,1857
8,2508
1,7381
4,5017
0,8930
1,2299
2,6563
2,9665
0,7443
2,0928
1,3838
5,0921
0,9708
1,1822
3,6968
0,7263
0,7636
1,7676
0,7024
0,7021
12,5137
2,7856
6,2077
2,7071
9,6576
0,8110
1,3487
1,0274
2,2777
3,1471
6,6855
9,7196
0,7125
1,2590
5,0093
3,9615
6,4381
17,6574
0,8750
0,9648
2,4174
6,4185
1,8545
38,1271
4,8017
0,9045
2,9042
1,8701
6,3205
15,4252
28,4958
15,5072
3,7646
5,8977
1,5710
4,7903
0,8686
9,6869
14,9722
1,4924
1,6162
13,1283
5,4999
0,8098
2,0122
1,0866
1,4743
4,2370
11,8983
19,6434
1,3190
12,5487
0,7318
19,6313
8,1845
19,5004
17,2164
199,5283
5,2497
36,3261
4,9797
0,8330
26,0958
24,3340
7,5128
12,6781
5,3567
2,3229
12,1318
34,7083
16,1616
12,3321
32,6088
36,7210
48,1225
11,2459
20,2426
13,5124
17,5395
4,6745
3,5582
3,9892
1,2713
13,8284
11,7407
14,3326
2,8799
1,1484
6,1672
1,7682
4,5286
5,9227
1,3478
1,2125
2,0135
1,1753
1,0786
22,6099
3,2702
1,4302
0,7011
1,1948
0,7146
1,0936
17,2214
21,0235
19,4396
1,9654
1,8855
3,5817
1,9157
10,9935
20,5648
0,8315
1,3919
0,8750
3,0114
0,7973
1,1139
1,8748
0,7914
1,3310
1,4071
8,0983
3,1982
4,2906
8,9307
14,6043
1,0313
1,2856
30,1832
218,5716
1,7455
31,7435
16,7099
1,9524
0,7017
33,9333
5,8054
2,5201
4,5666
1,3486
1,0578
1,2176
1,1417
13,0064
0,8849
1,4073
0,9547
0,7031
1,9679
12,0527
19,4329
24,1599
10,9212
0,9459
76,3492
19,5711
52,9684
50,2699
80,4118
40,0143
0,8751
30,9784
0,0000
0,8750
0,8750
0,8750
1,0100
1,4039
1,4115
1,0317
0,8750
0,8471
1,1156
0,8122
0,0000
0,0000
0,8750
0,0000
0,7523
1,5856
0,8750
1,7539
1,9298
1,9825
1,5352
0,7011
0,8750
0,8750
1,2541
0,0000
2,2514
1,0214
2,8127
0,8750
1,0293
1,0561
1,7896
1,7316
1,4364
0,8750
1,3332
0,9465
0,8750
0,8750
2,2215
1,0988
0,8926
2,9984
3,1330
0,7015
0,9169
5,0162
0,9612
1,4558
0,8753
1,4499
0,8750
2,1430
1,6927
3,0174
1,7796
1,2953
0,8750
1,5874
0,8750
0,8750
0,8750
5,5793
0,8750
1,4615
2,9018
1,5197
1,5905
1,7559
1,0453
1,3325
3,4866
0,8750
0,8750
3,5608
2,4393
1,4034
1,8248
0,8750
0,8750
1,1865
0,8860
0,7010
0,9509
0,9757
0,9914
2,0024
2,4749
4,0296
2,2880
5,5899
1,5066
3,5217
2,6473
1,8435
1,8128
5,9371
0,8750
1,0347
3,2273
0,9287
4,1190
1,7031
1,5134
0,8750
1,5850
1,4776
5,7902
1,1221
0,7037
4,1842
3,1627
2,3860
0,8750
0,8750
15,5791
1,5027
1,9933
0,9043
2,2774
2,3248
4,3444
9,5057
5,8624
9,1985
10,4437
4,0746
1,2317
1,3470
1,4672
2,7246
8,3974
1,2324
5,8720
3,1948
5,0507
2,4534
1,6182
1,3861
6,6205
3,2402
1,3819
1,1180
0,9711
14,5577
6,6708
2,9489
2,3718
13,3664
19,9038
20,2829
3,6187
1,8443
1,6983
23,4659
10,7478
1,4557
6,5752
45,4888
3,7189
27,1915
1,3697
1,0025
3,8465
2,6755
1,8871
1,8556
15,3824
51,2213
8,3885
0,9535
6,8844
4,0327
2,3939
5,0088
2,6639
2,4094
0,8696
0,8750
8,0313
1,9815
4,6198
3,4187
1,2974
4,5397
1,2485
0,8750
0,7755
0,0000
0,0000
0,8750
1,1321
3,0178
2,5908
1,7045
1,2566
1,5763
0,0000
1,2075
1,3457
0,7010
1,3156
3,0306
5,0077
0,8805
3,6064
0,8508
0,8169
1,1119
0,8750
0,0000
2,8077
0,9097
1,3791
0,7017
0,0000
0,0000
1,0095
0,8750
0,7023
0,8038
2,6008
3,4030
0,7016
2,2728
1,0248
6,1305
5,2190
4,8127
0,8697
3,8436
3,9074
3,7452
3,4268
0,7820
1,5689
1,5694
1,6119
2,0533
0,7270
0,7540
2,0577
1,2112
1,0362
1,0139
4,2873
4,0461
1,1920
0,8952
2,1054
1,7978
2,3779
0,7016
1,5469
1,3293
0,7019
0,7017
0,8594
0,7012
9,4024
7,9720
7,5683
7,6998
7,5059
6,8175
7,1540
6,8840
6,1188
5,4898
4,3526
0,9999
3,6180
1,3619
1,5007
1,0121
1,2063
1,5963
0,9841
0,8750
0,8750
0,8327
0,8624
0,8670
0,8419
0,8770
0,7038
5,2066
1,8849
3,9890
3,5386
2,6726
0,7027
1,0903
0,7378
0,7277
0,7116
0,8904
0,8874
0,9501
0,8750
0,8750
5,7002
4,0600
2,7706
2,4221
0,7022
0,8099
0,7010
0,7054
0,8750
0,8730
11,5250
1,6290
0,7051
0,8750
0,7048
5,4032
3,4618
3,2893
2,1870
1,4706
1,2988
0,8142
0,8750
0,8353
7,6855
2,0460
0,9660
1,2180
0,9967
0,9986
1,0814
0,7025
0,7617
0,8750
5,5376
3,8146
1,6148
4,6016
7,7620
1,0774
0,7392
1,0553
1,3548
1,3044
1,4723
0,8750
1,7620
0,8103
0,8750
5,9334
0,7181
11,3850
2,0070
9,4680
2,4994
0,7067
2,3430
1,3443
1,9663
1,5752
7,4258
0,9304
1,2466
1,0461
2,0450
1,8915
1,0244
5,1666
1,1182
1,9854
0,8372
2,9460
12,7566
6,6914
5,8159
18,5612
8,8220
1,7935
3,1117
1,6623
1,6819
3,9966
0,7016
0,8750
0,9964
1,3284
1,1355
6,6018
2,8222
11,0006
9,4675
5,8232
3,1282
6,9793
2,7200
10,2257
2,7508
0,8206
1,3666
1,5283
1,0964
1,0387
3,2819
0,8664
4,7750
2,7791
3,2536
4,1259
2,8109
6,3826
19,4957
21,6824
3,3938
37,3689
7,0702
13,9899
17,2734
3,6326
3,4440
1,0492
1,6994
5,5322
0,9547
1,3816
1,8318
0,9994
1,8731
12,8775
23,2435
9,4521
1,8539
9,9127
19,2594
6,0146
2,2822
0,7185
0,7146
0,9427
0,7999
3,1429
2,1102
0,8727
1,3136
8,0595
1,0521
9,8876
2,0112
9,9941
5,0307
3,3147
16,8056
2,0844
23,8062
25,8564
6,5941
7,4887
34,3139
6,6505
9,1737
2,3856
0,7095
12,6661
4,4212
27,5968
26,8783
11,5291
10,2607
6,0089
3,4905
8,0756
3,6873
2,1321
4,8673
8,4282
1,0765
12,5973
0,7851
3,9526
39,2130
56,4417
50,8520
1,2778
0,9284
7,0779
1,8647
15,7542
0,7519
9,7916
47,6632
62,6147
67,0149
56,2203
45,6528
37,9103
16,1956
0,8750
1,6855
10,1303
13,8882
8,9208
0,9201
3,5010
2,1964
1,4521
0,9377
5,5762
5,1592
50,0651
31,8480
1,5752
114,5563
113,4648
104,1275
90,6829
76,8527
47,2961
13,1658
7,8101
1,0558
9,4323
3,3692
3,6763
1,1485
6,4379
6,0133
3,7252
6,2486
47,8315
241,6215
44,9777
52,5521
108,6805
30,4082
186,5102
0,0000
5,8419
1,3896
1,5775
2,0743
0,7019
1,5257
1,2012
0,7358
1,4246
2,1252
1,4909
2,7038
2,6356
0,7904
0,7103
0,9044
0,9149
0,9723
2,0622
1,0634
1,2585
0,8685
0,8259
0,7375
0,7590
0,7026
7,6709
7,4594
0,7919
6,6795
1,6875
3,5158
0,8629
6,7917
1,5122
0,9897
1,6124
1,4365
6,2368
5,8339
5,2700
4,1092
1,4374
1,4866
1,6794
1,7282
1,9826
0,7627
5,2698
1,2039
0,9587
0,9038
0,8177
0,7240
3,0549
2,5612
1,7619
2,3090
1,6213
1,0223
0,8311
2,2682
0,9891
0,8458
4,7009
9,6950
9,7925
8,6052
7,6391
4,3629
1,7434
2,2212
0,7032
3,3373
2,1318
1,2981
2,7142
3,0570
8,0142
12,1904
5,7252
20,1921
11,7180
10,4489
0,9442
0,7337
0,8598
2,4157
2,9642
0,8259
0,8776
1,2150
0,7032
0,7891
0,7790
0,8654
0,7029
0,8149
0,8228
0,8082
0,7931
0,7690
0,8340
0,8207
0,7036
2,3993
2,2401
0,9010
1,2641
1,0807
0,7979
1,7985
0,7899
1,5041
2,0684
1,0296
0,7016
2,0286
3,9430
3,3987
3,1214
0,7449
1,1347
0,8207
1,1092
1,0175
0,9572
0,7032
0,7034
1,3242
1,0037
0,9151
0,8772
0,7651
0,8690
1,0166
0,7603
0,7571
3,9017
0,8142
0,8057
1,5591
2,6720
2,4529
3,0453
0,7352
0,9396
0,9466
4,2346
0,8790
1,3052
1,1755
1,4586
1,3844
7,9453
0,8835
1,6808
3,2583
2,3102
2,3767
2,6207
2,8599
3,0182
0,8916
0,7035
1,4020
2,1588
3,1478
3,6095
5,0145
6,7987
2,0185
11,1875
2,2271
2,3258
1,4272
1,4160
0,8267
2,1228
5,3432
2,1768
5,3178
2,2844
4,3933
2,9412
1,1797
1,1227
0,8754
1,1889
1,1077
2,6780
5,8729
17,9571
19,9113
14,0003
15,1922
4,0581
3,7819
2,6390
1,2839
1,6010
0,8645
2,0392
1,9109
2,8287
3,6331
2,4092
4,7127
2,7046
4,4783
3,9524
3,1546
18,7863
1,8999
0,9015
0,7246
1,1760
14,3254
10,5155
1,5241
2,6142
2,8894
3,1064
1,5290
1,1710
0,7964
1,1300
1,0924
3,0242
9,4915
1,0097
35,4829
32,2124
6,9369
17,8288
9,2151
4,4762
2,4811
15,8123
2,0413
4,8759
2,5783
3,3734
2,4391
8,0657
5,1665
2,0311
0,7727
7,4378
7,6953
1,0189
4,3894
15,7283
1,5884
25,9658
9,7816
25,2409
4,9522
3,8809
16,5162
2,7692
0,9804
6,4244
6,3651
2,0395
0,7031
0,7031
1,9427
2,4305
21,6193
4,6770
1,7334
0,9893
0,8750
1,4424
2,0364
3,2354
13,3610
2,4460
4,2551
4,0232
4,8130
1,4792
0,8031
10,2703
9,0954
1,3851
17,4749
9,8701
5,1117
2,8466
1,3962
4,3104
26,6790
2,2313
1,9107
1,4679
1,2131
5,2261
0,8669
17,2580
13,3659
8,3826
24,1098
7,3500
0,7429
1,1274
7,8524
1,9673
3,9629
1,1627
105,8815
4,8733
81,6707
3,2803
1,5845
2,3840
1,8667
18,5691
4,2379
1,2742
6,1755
1,7147
25,0246
18,9354
10,5639
0,7808
45,0542
3,6855
49,1827
2,1056
3,7017
1,2590
11,6089
1,1145
12,2123
60,1824
2,1780
38,8305
5,0138
0,9309
2,1456
7,0724
2,8037
40,1344
35,8654
21,9191
8,4620
1,0926
2,6542
15,7903
21,0902
0,7264
130,4549
1,8973
21,9473
10,4736
6,0526
4,4476
2,9540
1,7003
1,3104
0,8750
83,5700
132,2456
2,8603
153,4076
145,8284
108,6179
111,4258
81,6569
24,6281
1,8453
15,7175
12,9466
13,8350
10,9478
73,7230
0,8750
0,7127
0,7029
1,7247
0,9169
2,4327
11,0604
6,4600
9,9090
4,3615
20,8075
33,5945
87,1150
14,8229
9,6283
172,3532
78,7397
35,8333
3,1729
56,1780
44,7815
0,9293
1,1337
1,7197
4,5526
0,7882
1,7529
0,8521
1,1324
0,7894
1,0255
2,3334
2,1348
1,0696
1,3081
0,7207
2,3568
1,2361
1,2148
1,4597
2,5700
1,2170
10,4047
1,8151
0,7685
12,8291
13,7158
0,7841
1,8727
5,6244
2,6838
1,3319
0,9922
2,6736
0,7017
1,9016
1,3211
1,4562
1,2898
0,7804
1,3367
1,8164
4,2902
1,0205
3,7669
4,7149
4,7433
4,7589
4,4188
1,3009
3,6229
1,3380
4,0973
5,0437
3,8712
4,3545
2,1526
5,4700
18,4757
4,5611
28,7926
2,6178
28,5179
3,1178
37,0945
0,7916
1,5320
8,6378
10,4795
2,2749
6,8659
4,6154
1,2447
1,4365
1,4502
2,0248
0,8334
1,3596
5,2543
5,6664
9,1877
0,8961
3,5539
10,5062
5,1002
13,1313
1,4684
3,2953
2,3692
12,1781
2,1913
5,6844
4,8304
9,3061
10,8188
1,2398
5,9420
7,9675
3,8142
2,6311
1,3586
2,0044
1,2367
0,7920
2,8399
0,8594
1,6467
2,9724
10,0165
3,6861
2,1536
0,8244
2,5229
6,0868
3,7372
6,7924
1,0394
2,7968
8,0690
4,7749
4,8446
5,4925
21,4898
24,3188
30,7182
2,7866
1,0048
4,1569
2,1652
9,8150
12,5737
6,5647
8,8721
10,7870
12,6798
30,1172
16,1801
4,5769
9,0714
6,8713
2,8251
2,2981
8,5620
1,1335
7,1075
7,3958
7,0305
3,9485
6,0989
7,7032
5,5080
5,8081
2,5037
3,2002
6,7285
6,1670
4,3074
4,2986
5,2635
7,8272
25,0794
22,5936
27,0485
10,4806
53,1767
0,7441
1,0496
6,6316
3,7222
20,5300
3,7800
9,1794
17,3685
19,2912
15,0443
5,3130
4,8253
19,6694
21,1583
6,8792
3,2579
2,5639
2,2317
37,6640
8,2552
36,4588
3,5948
49,7058
48,9266
22,9353
24,0075
14,1131
3,7122
2,7407
3,1883
0,8436
3,7897
4,3139
2,6252
9,6985
0,8340
0,8442
0,8372
36,4494
35,2329
44,5681
103,1931
75,5444
32,7579
2,5795
0,7419
32,0887
1,0316
10,3737
27,8933
2,3536
34,4014
2,6498
10,2889
7,7713
4,3221
3,7434
2,7588
158,6378
1,4139
1,3310
69,0751
158,7829
129,1347
47,8587
0,7527
2,0421
0,8750
3,8897
1,1307
3,4722
1,6438
1,4080
11,2593
0,8524
40,9828
46,2546
27,3737
7,6545
4,4594
2,6995
33,1661
79,5084
0,7236
1,0103
2,0277
0,7092
0,9867
1,4115
2,1131
51,0516
48,2068
31,7022
16,3046
17,3867
8,9582
5,6376
3,4895
2,6113
206,8590
1,7865
10,5654
2,0008
0,8752
1,0392
2,7746
19,1041
0,8131
55,2406
18,0433
1,7218
1,6980
1,2367
1,0174
12,5915
4,8242
1,2697
0,8385
0,8002
10,6996
2,8859
3,1651
2,8607
0,8649
3,5389
2,6555
2,9882
2,4718
3,2101
0,9751
0,8480
3,1126
3,0565
5,3849
1,1850
0,9571
1,8850
1,4778
1,1935
1,0075
8,8864
7,6296
0,8151
5,1840
4,8415
8,7251
16,8601
22,2603
7,0403
6,2136
4,6639
29,7121
1,6076
53,2622
25,8170
19,3864
1,4008
13,1980
1,8640
2,8452
1,1465
2,6689
3,7736
0,7412
5,8599
1,0039
0,7738
1,9109
14,3679
1,7816
20,7869
22,8206
1,8952
14,9571
9,4502
1,0520
0,9174
12,5038
3,9621
44,7007
3,2500
1,5090
2,9381
7,6677
0,7856
1,1448
5,0971
6,0825
4,3089
0,9987
1,2415
9,2406
4,9805
2,5839
0,7436
8,8841
5,7721
0,9258
7,3955
14,2200
0,7939
0,7813
36,2689
8,1719
24,8126
8,1538
3,8454
2,8942
6,5947
6,5780
6,6553
6,9295
6,7387
0,9718
3,8529
7,8121
4,4577
1,1021
6,1891
1,6685
14,1319
1,9036
5,7027
6,5335
11,8582
1,5739
20,6019
1,7536
5,3379
30,1363
32,2885
12,7719
17,1114
11,0493
6,0089
5,5132
9,0425
0,9134
8,5827
18,9646
0,8145
5,5146
0,7957
2,0364
1,3612
5,0514
2,0077
2,5982
3,4515
3,7551
3,6397
3,2637
4,3304
31,8906
2,2251
5,7988
34,7345
20,5681
27,9318
7,6573
6,4054
46,5562
35,4695
38,7428
64,5564
1,7296
40,7515
206,8919
186,7284
180,5540
150,0859
25,2014
48,8516
9,4267
1,5713
3,8959
8,2853
5,9845
0,8322
8,6603
0,8448
30,5215
38,3697
48,6837
60,7707
40,7460
199,4636
3,6783
2,9033
3,9420
0,8788
0,9885
1,0268
20,2563
25,5723
0,7619
0,7536
38,8816
67,4896
54,7529
31,4105
19,1325
111,5099
13,5484
7,8478
48,3330
3,7360
202,6427
2,0297
1,1774
0,8526
1,4097
2,5480
16,0080
1,6491
95,2980
2,7655
0,8878
6,4370
2,0369
1,2106
0,8035
1,5603
0,7938
0,9166
6,2192
6,1961
4,7915
7,3757
1,6439
4,1378
10,7798
1,3984
4,4537
3,0117
1,3424
1,3503
5,7146
13,2013
8,6315
5,0729
1,7110
1,0882
2,9387
0,8923
2,2323
18,6493
16,1152
1,2848
8,2837
7,8044
7,8077
10,6840
6,9673
6,7882
0,8202
8,4974
3,6039
2,0884
1,5382
1,1428
39,8349
9,2779
6,1497
10,5034
4,7361
2,3694
4,7773
4,0198
2,5985
1,4325
1,0853
0,7719
12,8033
2,2722
1,2661
8,2301
7,7594
1,2500
1,5607
2,1531
6,2383
10,4722
10,3785
10,5598
5,7008
4,4908
3,8450
1,9415
50,6030
2,3034
1,5886
1,0517
2,2589
13,1022
11,5632
1,5984
22,8572
3,9727
5,0057
8,5563
3,0445
1,3836
0,9836
1,1011
8,4452
19,2123
23,1304
16,9359
27,6784
0,8654
8,1960
1,1157
0,9550
0,9717
0,9230
0,9562
1,1430
1,0045
8,3726
31,7733
3,9322
8,6962
22,3181
13,2009
14,1920
9,5426
5,6044
3,8776
6,6600
3,7089
2,5528
6,4508
224,6723
201,8767
101,4790
1,5788
38,3469
3,4905
14,2768
0,8185
1,0424
2,0376
6,0927
1,0686
19,3217
30,8215
4,1443
63,1951
60,2408
41,8914
23,7790
16,7954
3,9107
4,4410
1,0944
4,4427
3,0616
12,4782
25,0318
10,7845
20,8539
2,9823
0,7804
91,6795
57,6754
95,6182
54,4988
8,4471
9,6381
13,3932
1,2857
4,6621
7,8397
106,4424
3,8108
0,7083
1,8884
13,1599
1,5297
3,7219
11,1931
4,2097
1,4654
8,4426
9,5617
1,4092
1,0585
5,4443
12,6044
2,6484
13,3739
13,3423
12,7972
2,3809
8,2866
9,5977
15,8899
21,6228
1,8721
3,3479
1,9730
9,0035
14,9297
17,3422
13,7746
16,3943
12,5053
14,8195
15,6965
11,5487
15,1443
10,0276
7,5152
8,4350
8,7594
11,1359
13,5662
17,3591
1,7118
5,8346
24,3036
17,9944
4,4901
11,7981
4,4003
13,5227
13,4948
12,2003
1,9416
10,4109
13,9407
14,6622
19,2164
20,2974
11,9273
29,6107
12,1731
2,9454
13,6857
12,0929
11,5417
1,6782
1,6610
1,1317
13,8058
15,5532
12,8324
39,2215
1,8992
19,1429
14,4001
224,3427
204,6689
86,2608
31,2762
5,7582
1,3416
3,4535
8,8707
13,3099
11,2625
13,7382
17,5320
20,6834
26,4023
29,9914
4,1964
36,5762
2,8590
26,0771
9,3392
4,7349
1,1892
1,8567
9,6480
4,7652
29,0158
15,0144
101,1137
21,0918
8,5240
2,0592
21,6557
19,1287
3,5463
13,2935
20,0351
3,2824
4,1356
3,0033
17,6585
20,0441
20,4115
23,3727
18,0419
22,3191
22,0678
7,0797
17,6369
4,4504
19,5762
13,4530
22,5550
19,7720
2,7947
21,2329
22,5258
2,3788
1,7818
20,9499
20,5490
20,8640
1,3667
18,7911
3,8962
3,1615
2,6304
18,7709
1,4873
15,0324
4,2931
2,3085
2,9740
4,6427
7,3286
186,4993
123,9617
37,2441
38,8377
21,1605
3,7325
12,7162
14,4306
1,4539
36,7551
22,6854
18,9549
25,9782
24,4916
59,6436
34,5344
1,2531
39,9985
21,1812
4,9886
27,0278
26,9021
26,4669
4,5926
8,2102
36,3808
25,1689
30,0443
28,7320
29,8856
7,7489
10,6154
11,2244
27,6536
28,2558
29,6836
4,4771
27,7007
25,9714
25,6606
24,9547
21,6454
23,1752
20,5841
24,7182
3,6442
0,7370
0,7369
12,6443
24,4628
5,9400
3,1763
88,9653
7,1391
94,2961
7,4242
38,0632
17,1965
41,8912
11,0292
41,7697
12,2988
38,3507
31,4952
67,0389
0,7371
9,8671
163,9662
213,3101
3,1658
1,2474
16,7616
37,1312
111,4912
80,0079
6,2609
8,7109
157,2468
35,8817
16,0443
44,0922
44,3336
1,4051
4,6817
4,2631
1,7180
23,9053
10,6285
33,0526
30,5997
52,6968
29,4882
37,4041
27,7591
33,9296
41,9226
7,8617
0,7982
67,7886
44,5532
45,2082
24,5130
31,9536
4,2805
5,0760
7,2747
4,0819
33,4013
1,2342
1,2301
0,7569
0,7497
5,6836
7,0274
7,4986
5,8471
5,1859
1,9600
5,5865
1,8296
1,9511
1,6103
4,8273
2,5810
0,8716
8,7397
0,8893
0,8506
0,7486
4,2498
2,0052
1,0147
2,1915
6,0223
4,8822
2,4512
2,0771
4,2650
0,7914
27,0665
1,6194
6,1806
4,0531
2,6119
11,7558
4,8400
12,3363
3,9866
0,9579
28,5464
2,4087
2,7979
16,4696
20,4058
28,8592
2,5459
9,0423
13,1285
13,5635
0,7597
3,3706
2,9493
2,4706
6,2953
7,4449
2,4605
1,6085
4,0391
9,0763
1,5792
1,1882
3,7900
1,1107
21,2679
22,5421
6,7026
13,2279
17,5850
6,6424
20,2787
32,0022
37,7826
3,3444
24,2539
15,5029
1,2605
5,2735
3,6089
1,1298
38,3593
1,9498
2,4093
0,7691
45,0753
5,5412
0,9887
0,7464
2,4892
1,0559
3,5144
1,4234
1,4155
3,8380
1,3562
1,0922
1,1780
1,0720
1,8876
6,7927
12,9537
4,0875
12,3998
6,9833
3,7443
1,0091
6,6683
9,8956
10,3121
0,8087
2,0738
1,8908
50,6625
0,9868
6,1268
0,8677
8,9400
17,2250
1,1101
1,0816
7,1286
1,7251
5,1273
5,1168
1,6861
1,0453
1,4574
0,8744
15,3462
15,5120
17,1833
29,4714
10,0560
17,7341
1,1052
25,7684
2,6349
20,5608
1,5418
11,9616
11,1051
1,5802
8,3230
8,2908
1,3114
3,4950
1,2825
5,6587
2,9774
1,6900
13,3276
0,9874
20,2822
7,0305
5,7303
3,8484
2,0611
4,6733
6,0413
0,8120
4,5633
2,0847
17,5769
4,9677
2,4285
2,5391
0,8738
1,4822
0,9382
1,1741
1,3160
10,1078
7,4919
1,5862
26,3532
15,2212
9,4089
0,8563
6,0444
5,7583
5,1833
4,4381
1,8472
1,0796
3,3293
18,5974
17,2960
10,0901
1,9436
0,9925
2,1173
1,3684
0,8389
1,3955
4,0693
19,8062
5,1383
1,5799
3,2301
1,0259
11,3855
26,3384
21,6580
0,7614
1,9480
1,4914
13,3567
9,2212
2,1592
10,5812
1,1097
1,5898
19,2622
11,1423
9,8326
11,7946
3,7446
0,7037
0,7235
1,3071
1,9266
1,6710
0,8750
1,1624
5,0064
9,1468
1,5713
2,9366
0,9683
2,6334
7,1281
46,4300
7,8232
1,9571
1,7827
69,6118
10,4013
8,6574
3,6244
1,4360
0,8750
1,6183
4,4744
4,0105
11,1149
0,7018
0,0000
18,9690
5,1929
4,1084
1,3032
0,7298
0,9844
1,7642
0,7010
30,8445
6,6156
16,4234
35,9831
0,8750
0,8006
1,9366
74,9184
30,2291
19,9614
1,9527
14,6960
22,3923
19,0556
1,2999
12,1979
25,9286
25,6683
0,7214
6,0094
10,2072
9,5744
0,7079
4,8307
14,7304
6,0841
2,0153
0,7143
23,4428
6,5411
2,3848
0,7030
1,6471
4,7365
6,8432
1,1186
6,7173
9,6773
3,9682
0,8124
7,0744
1,0129
1,8456
2,4885
0,7022
0,7507
1,7217
0,7836
1,9832
1,1062
1,6217
1,0394
1,2291
0,7292
1,1844
0,8097
0,8750
1,7667
6,2221
0,7338
1,8549
0,9767
1,0293
2,3530
1,5639
1,0716
0,7849
2,2987
1,9278
6,7925
3,7022
2,7122
1,1352
2,1633
7,4778
7,8202
3,7733
2,0921
2,5284
0,7676
0,8750
2,4900
1,9477
0,7855
0,7746
3,8154
4,6098
6,1046
5,5572
12,6869
4,9678
43,1317
0,9482
4,3395
0,7316
19,4918
1,1023
43,4288
19,4973
0,7329
30,9793
1,3978
11,5217
30,6320
6,5924
9,1292
2,3891
8,0668
12,3688
4,3254
2,6135
20,5268
1,0657
13,2898
11,5690
8,7886
3,2099
2,6245
11,5125
22,2757
9,6278
2,0948
5,8075
18,4866
1,2025
0,7981
0,7389
0,8106
1,0952
1,1830
1,0139
1,2390
1,8364
1,1905
1,9494
0,7117
3,4436
0,9201
0,9134
2,9422
0,8092
4,9666
7,1041
1,4382
0,7791
6,2982
0,9117
0,7496
0,7368
0,7475
0,7121
1,0208
11,7553
39,1667
24,7087
41,3471
0,8271
0,7159
1,8828
4,0446
14,5452
5,8749
13,9441
7,6006
2,7375
9,0015
5,2746
3,7807
2,5512
9,9358
11,1693
3,7294
6,1612
5,4883
14,2047
21,2764
6,2276
7,6149
1,3285
2,1021
4,2457
1,3831
0,8188
1,0889
1,0627
0,8564
28,8346
22,0314
2,9653
13,0625
0,7308
7,7520
20,0907
10,0991
7,2573
4,9782
2,5249
32,4471
1,2094
4,5694
3,3687
8,6880
1,8195
2,2141
15,9593
8,6866
3,1638
1,1725
1,1349
5,4077
2,9830
1,1261
1,1095
1,2824
0,8875
1,5771
16,5813
1,5194
0,7302
0,8536
1,1306
2,0343
0,7180
0,9014
2,5192
22,0121
6,2330
1,5010
2,2372
7,7547
2,9508
4,0536
0,7942
1,0705
27,7076
2,4528
1,3470
0,9458
8,7248
15,3692
37,9167
10,3404
18,5018
30,9058
1,0955
33,0111
4,3585
2,5943
5,6897
0,7544
0,8816
2,4271
3,0181
0,9632
19,7725
1,6898
0,7735
1,3570
0,9771
1,0654
3,2254
14,1025
12,5659
3,3572
0,8875
7,7245
2,6849
4,5605
14,3847
3,9567
7,5774
1,6919
1,8060
6,9229
0,8570
29,6723
18,8519
9,3915
2,7202
0,8525
2,2513
2,4054
1,6394
16,0078
4,8949
1,9371
3,3444
0,7843
0,8700
23,0624
16,9676
6,9879
3,3135
0,7384
0,8750
1,2767
0,0000
2,8596
15,7632
2,3294
0,7341
0,9242
0,8844
1,0452
0,7159
1,0117
1,6172
3,9896
9,4593
3,6863
5,3894
1,3951
0,0000
0,9559
6,3425
26,2233
1,4984
2,5440
0,8750
2,0467
8,1445
8,3225
0,7132
4,8499
1,4262
1,0445
3,1253
2,3848
0,8963
0,8750
2,4099
1,5730
0,8750
2,1149
2,4128
6,2429
1,1458
1,0546
2,7237
2,7532
2,4743
1,3813
0,9809
2,7587
0,9569
2,3888
2,2895
0,8707
0,8750
1,1672
0,8750
0,8400
0,9333
0,8750
1,7086
0,8702
0,7014
1,4878
1,0534
1,0079
0,9139
0,0000
0,7015
8,5671
10,7358
1,3312
1,0572
1,0367
0,9578
6,8617
3,8769
5,3655
0,8472
0,0000
0,7103
0,8750
5,5962
6,8925
2,1147
2,4174
0,7174
3,9196
13,5830
5,3628
3,4153
6,4697
7,4021
0,7041
2,8410
4,4028
1,2612
1,5104
0,8751
0,7037
4,6534
15,3355
13,1744
10,5764
16,8684
3,1550
22,8730
6,3202
12,4627
10,1641
11,6008
3,8384
0,7035
7,3009
12,5321
1,6662
1,2152
2,3906
3,0138
1,8238
4,6912
1,6110
12,0029
6,0315
5,9599
1,9477
1,1567
1,1772
2,3285
2,0593
2,0734
0,8750
4,2767
3,5536
1,9351
0,8750
1,2191
2,2998
0,8844
2,2660
2,7039
0,0000
1,0360
1,3739
1,0753
5,6989
1,0301
1,1067
0,8967
1,0613
4,2498
0,8427
1,1151
0,7238
4,6507
1,2340
0,7031
0,7074
1,3518
2,5497
1,0552
0,7105
3,4765
1,3158
5,4679
0,8381
1,1721
0,8996
0,7627
0,7493
5,3046
2,9459
4,0769
1,8539
1,6779
1,9164
6,7171
2,2789
0,9726
2,4792
2,6850
0,7017
1,8356
1,9854
0,7231
1,7800
2,1011
1,7773
0,7015
0,7024
0,9410
0,9395
0,7038
2,3499
0,7019
0,9725
19,2795
35,8198
27,0415
13,0591
6,1513
1,4593
30,7395
13,5912
36,1805
5,0860
21,4762
37,6067
17,4477
23,8168
7,9077
0,7010
0,8754
0,0000
0,8750
1,5229
1,5029
0,0000
1,2248
9,0493
12,5461
1,8355
0,8751
1,3335
0,7012
0,9896
2,8453
0,0000
1,8052
0,0000
1,1072
0,8750
1,0298
1,9311
0,8750
0,8750
1,4652
0,9268
2,7151
0,9196
0,8750
0,8927
1,6403
0,8750
0,8750
0,8750
0,0000
0,0000
1,0211
5,2157
4,3000
5,2958
3,5717
2,0992
0,7018
3,2813
2,8742
2,4167
1,4384
4,7053
7,4850
1,1415
1,7586
0,8750
1,6741
2,0767
1,1426
0,8750
0,9612
1,4568
0,9453
0,7527
1,2990
0,0000
0,0000
3,3588
8,2824
5,6903
6,3335
0,7661
4,3455
2,0317
1,7334
0,7017
1,6026
0,8750
1,0178
2,0641
0,7018
0,8750
1,1578
0,8114
0,0000
1,0118
1,8396
3,0969
2,7654
0,9761
2,5540
2,1843
0,7013
0,8750
0,8212
0,8750
2,1566
2,3587
0,9507
2,1762
1,5409
1,7398
0,8264
2,2877
0,0000
0,8750
5,2112
1,0265
1,9769
0,9072
5,3447
0,8750
3,2542
1,2083
2,0283
2,2782
2,0178
1,1862
0,8750
1,6790
1,4040
0,0000
0,8219
0,7922
1,1332
1,0018
1,0192
0,7010
1,8580
1,4608
0,7532
1,5698
0,8509
0,7654
0,7442
0,7022
0,8750
1,0682
1,0100
0,7497
1,2048
1,6400
2,3250
0,7011
0,8925
2,6056
0,9987
1,5669
1,2893
1,0708
1,5265
0,7830
2,5039
0,9778
35,9610
39,4255
20,0103
32,8909
33,6422
37,5529
35,3909
26,2238
33,9353
30,2637
88,4873
43,4084
9,6496
33,6111
42,5685
0,0000