0,0000
9,0001
6,6706
0,9760
0,7809
15,6064
22,5049
228,1858
6,0046
1,1965
0,0000
30,1249
25,1920
209,4614
189,8063
0,8029
0,7267
0,7116
0,9330
1,4032
35,6900
0,0000
0,8750
5,6027
180,1160
4,6952
189,4271
7,6622
188,4841
7,8623
6,1571
18,4831
80,1636
186,6584
3,1308
5,6005
3,6597
2,4476
0,0000
4,8953
6,3586
6,6521
217,5953
54,6650
162,3902
114,0545
57,2360
42,6028
21,2060
47,4926
135,8457
132,5969
5,0678
9,2111
4,5278
0,8750
8,1750
48,3356
136,5635
127,7728
122,7615
71,4077
58,3886
2,8160
11,8382
44,4436
154,5680
12,0830
19,3987
20,2597
138,0788
15,9267
15,7191
11,6241
47,6040
98,9313
113,9859
10,0613
98,8680
146,6744
63,1538
1,5657
126,9630
8,8287
7,5448
22,6576
48,5376
1,1538
0,7608
1,9092
0,8750
29,7532
1,7837
92,6830
0,7832
68,2365
1,7191
1,1968
0,0000
1,9250
28,0576
0,7081
0,7164
0,9111
1,0202
2,1928
7,0159
72,5154
9,4846
17,2419
40,0745
118,7920
203,8486
128,8787
0,0000
0,0000
24,5433
53,5334
84,1403
145,1983
21,7915
44,1242
23,8360
2,4167
15,1666
22,7790
27,6486
32,9202
0,7515
89,8975
1,5224
1,1229
0,0000
0,0000
0,0000
54,8769
0,8335
0,7689
0,8750
3,6169
0,8310
0,8235
0,7519
1,3829
2,0164
5,5352
0,8283
12,7566
2,7933
0,7914
3,2812
88,7081
2,2307
1,1465
82,0745
9,8714
1,4764
0,0000
0,0000
0,0000
6,0704
0,7736
4,1382
1,8807
3,3536
0,0000
1,6627
28,7703
0,0000
2,3444
4,1245
1,2586
0,7216
9,1758
0,0000
0,9768
4,1723
2,7424
34,8666
0,8100
0,9700
1,2692
2,1426
2,9403
4,9587
13,5694
0,0000
2,7786
2,0663
2,0180
5,9336
9,6598
11,9208
2,0815
0,8750
0,8750
12,0344
1,4100
0,0000
3,4360
1,2909
2,4090
2,2360
3,7403
2,5267
3,9008
6,6911
1,0674
3,7417
0,7436
1,3874
8,0705
14,8780
220,0961
0,7645
1,1432
1,3084
1,5481
1,6012
1,5963
2,3026
14,7330
2,9619
3,8049
4,8681
3,5797
0,7590
4,9401
7,9912
1,4833
1,8335
2,2197
2,3615
3,2620
4,4410
2,7114
0,7649
0,8750
2,0244
3,9404
1,5118
0,9416
1,6241
0,9705
1,9864
3,2539
6,4645
1,9797
8,6036
1,2816
30,4359
31,2534
23,5407
32,4185
1,9584
6,2523
1,2312
4,3337
0,0000
1,1870
2,7959
4,3978
5,0162
9,0829
6,9855
18,6487
2,2077
0,7574
1,4071
4,7102
1,4557
9,1825
8,9687
9,9186
1,7441
6,1653
1,4191
10,5036
1,4532
2,4238
3,9310
6,5549
1,0701
0,8201
13,3407
2,2784
0,9422
2,2057
1,0434
4,1631
6,2535
15,2759
10,2038
17,6487
0,7467
2,3073
5,9241
12,2023
13,4953
12,5579
21,4028
4,2248
0,8611
2,1522
5,4907
9,8142
64,2130
13,4161
1,4604
7,5464
6,0682
11,2776
24,6096
20,7516
58,9040
19,8954
50,2962
3,2709
33,1909
138,5573
51,3372
10,8719
1,3976
30,2599
4,5464
4,7299
1,6201
155,0536
5,8973
28,9050
2,1802
72,5302
59,3419
146,2407
9,6379
6,9769
15,3075
207,3432
1,4046
154,0349
39,0085
106,2208
1,1614
50,5902
151,5985
5,6879
47,3242
59,6495
144,6088
0,9530
1,3952
81,1055
0,7295
5,3875
1,3581
4,4273
4,7880
30,0142
160,1093
9,4982
5,7589
11,5698
1,0173
1,6205
1,9228
5,8308
9,1972
9,1429
6,8133
23,2370
1,1906
2,2144
2,8212
1,0977
2,2422
1,1192
1,6718
10,6549
8,1560
4,1684
164,9187
0,8077
28,0619
4,3622
0,0000
1,5679
30,9598
1,4124
8,6079
2,1698
1,4812
24,6270
0,8750
0,0000
1,7782
3,0090
38,1269
0,7445
5,0969
8,9036
7,0344
46,0671
19,1646
12,1896
0,7603
1,6016
192,3967
0,8750
151,9595
1,6119
113,2113
0,0000
5,2145
36,4235
2,6625
46,6260
0,7410
13,1297
0,0000
0,0000
3,7604
0,0000
17,1995
0,7368
9,0154
28,3640
0,9069
28,3171
16,8789
0,7368
1,2921
21,3275
18,7177
0,8688
1,9947
2,8248
5,4195
1,3328
22,4855
4,8014
0,7368
3,1112
31,4120
32,1527
39,0395
0,9321
26,2732
0,7739
0,7957
33,2610
1,2848
0,9251
37,1725
30,4914
1,4325
4,3568
4,8294
2,0311
13,1548
23,1392
19,2729
11,8214
0,9955
30,0665
8,5063
27,8739
1,1654
1,4432
3,6492
85,3747
1,1512
15,7177
4,0643
6,9389
8,5131
10,8231
142,2602
32,3315
8,6801
0,8795
1,1529
3,3278
4,7177
49,3660
0,8635
3,0818
7,2074
50,0117
1,3304
7,0783
64,9348
1,9877
48,5648
206,1999
77,4053
89,8039
50,3922
77,7570
131,2557
0,8750
1,2737
1,3815
64,7753
136,2458
65,8280
8,0215
2,7689
61,9542
72,6691
139,0224
1,9314
0,8750
63,0109
9,9274
177,3359
0,8542
132,2560
1,8130
0,7034
2,0892
3,5472
11,8710
13,1280
0,9161
6,6081
2,9529
11,3814
15,4216
1,3036
2,4463
6,1889
3,5130
4,4729
7,7750
15,6929
5,9240
1,0085
2,2439
5,1854
1,0060
15,7551
1,0712
1,4242
2,7785
12,9622
0,0000
6,7023
4,5394
28,3711
3,0043
6,2379
30,7565
5,7189
0,8750
0,9391
1,2902
3,1967
6,2457
10,8918
2,0778
3,0071
2,7484
3,4622
5,2236
9,3039
11,2657
7,0737
48,4319
3,2331
2,0192
15,9362
1,6758
1,4377
21,9150
21,1829
10,6318
12,1038
5,7396
10,3686
4,7095
1,4160
1,6875
10,4401
42,6603
0,7946
9,7060
0,0000
84,9195
8,2610
10,6849
0,8782
1,6079
23,2999
41,2433
11,3297
2,6037
5,8510
1,4148
2,2779
0,8750
2,0212
27,8860
17,8013
15,4573
14,6359
125,7570
7,8991
17,4766
3,6887
3,0445
2,2825
1,6502
6,7514
0,0000
0,8750
7,2194
51,9813
2,0432
0,7989
0,8301
2,4098
1,4800
24,4582
45,1485
27,5261
16,2315
12,0708
2,0086
3,6762
0,9804
7,1784
4,2197
0,0000
1,6276
1,2125
3,6596
3,0581
27,1579
1,5912
29,3185
1,2063
0,7401
1,9364
1,7712
0,7041
0,8696
1,4576
1,1120
1,0621
3,3595
1,7305
1,3713
2,5313
1,4271
0,0000
1,2603
4,5348
13,5297
2,3497
1,8829
12,6741
2,8793
4,5823
3,8051
18,8436
15,8218
3,6535
10,2274
2,0817
6,8372
0,7621
1,5184
0,8346
0,9695
8,1677
0,8344
4,6833
0,7017
21,1130
4,7470
8,6933
9,0697
1,3598
0,7948
8,4036
11,0921
7,5444
6,5580
0,7662
0,8211
0,9419
7,2178
11,0021
23,2551
3,2772
2,6863
3,0171
2,0298
0,0000
1,9854
0,7032
0,8750
0,0000
0,8750
24,8876
9,8105
5,6839
28,3806
5,5155
4,0499
17,8519
2,1677
0,9597
2,9064
1,8637
1,6630
1,6119
1,0675
11,6567
0,7401
1,2953
8,9796
1,3926
0,8482
8,6349
4,9960
13,6034
30,1671
5,7235
3,5012
7,0348
14,6584
3,3546
1,5170
2,4945
10,6144
0,8991
7,0894
0,7018
12,9967
5,7182
17,1678
1,0278
16,7799
0,7397
4,0572
1,2776
3,1532
0,7738
2,1403
0,8178
0,7024
5,5504
22,1387
18,4588
19,8108
3,9925
0,0000
0,0000
0,8750
4,5968
3,5486
34,4257
2,4221
2,8283
46,5695
2,1550
33,8081
23,9601
27,9066
1,0234
22,5129
18,6214
19,8486
9,0033
13,0789
9,8559
7,1471
14,9008
4,8483
4,8269
1,7021
2,0893
1,6306
1,5723
219,4871
15,1880
104,2001
29,4836
57,1446
11,5082
46,5562
5,8911
5,1114
5,6583
0,0000
6,3240
10,3493
50,4901
120,6272
154,3785
7,5319
11,7058
12,2078
55,8638
92,6083
107,9706
9,3671
2,8602
4,1789
9,3911
24,8797
12,5126
20,7756
1,5870
1,0337
0,0000
1,7701
15,4307
0,8763
13,7327
20,0171
0,7022
1,4992
3,4138
13,3931
0,0000
0,8187
1,1793
2,1480
0,0000
0,0000
1,2093
1,9678
4,2934
12,5831
1,3018
1,1139
2,4974
8,9083
4,5205
100,3461
0,0000
30,5524
98,1405
1,0198
1,7946
1,2274
13,9984
11,7786
1,0055
0,0000
1,6621
2,0608
2,2060
0,7859
0,7522
0,0000
2,5923
3,1425
0,8652
0,8300
0,8107
1,2354
0,0000
0,8750
4,5096
1,0702
0,8121
0,7655
18,9939
0,7952
1,3557
4,0501
0,0000
0,8090
1,1568
1,3457
1,1868
0,0000
5,9606
16,2667
26,2679
0,7863
107,8828
0,8750
0,0000
28,8341
140,2827
3,4952
9,2765
19,5264
83,6968
134,3089
162,6340
0,8271
4,5473
2,5786
7,6216
21,9415
58,4342
1,2774
4,1764
8,6897
6,1244
0,9558
33,4954
63,3250
102,3774
47,5697
131,1890
0,9277
21,8069
38,1133
94,0243
5,6604
124,8436
1,9814
36,0372
2,4524
2,9193
0,8197
86,9706
20,7226
1,0032
7,7557
94,9062
42,6084
28,9799
1,8203
2,7248
8,5885
7,9763
8,6469
61,4457
0,8120
5,6615
0,8135
0,7896
0,0000
1,0007
0,0000
9,7559
10,9256
11,7349
9,5899
23,7713
31,5509
3,9244
3,4015
4,8884
1,2070
1,0140
5,1449
14,0082
18,5879
7,8196
1,5671
0,8693
19,6660
1,7649
4,4232
0,8719
2,3681
7,0408
15,0950
3,6420
6,7915
10,1923
4,9951
12,2743
104,5382
12,6049
27,7942
4,4873
30,6402
73,6257
125,3612
0,8066
79,5761
1,8122
5,3549
6,0867
1,0408
19,7833
80,0353
1,2060
2,7186
0,0000
3,4278
5,0628
6,2475
29,2636
4,7599
1,6161
0,0000
0,0000
3,4788
35,0121
83,5017
110,7600
170,5914
1,4239
4,5288
1,6499
22,1679
0,8419
11,4070
3,1312
0,8194
4,5625
0,8007
7,8763
1,2016
0,7815
45,6697
0,7021
0,8861
1,0665
1,5574
8,8689
14,3865
23,5965
0,9749
0,0000
2,9568
0,8030
1,6843
3,5272
5,6620
0,0000
2,0614
16,6485
31,3181
2,9498
20,4010
43,3559
93,2637
59,9791
97,0270
73,2668
1,8161
131,4432
99,4500
74,7846
66,4691
0,9642
32,3561
5,6464
52,5938
28,5072
54,3262
123,3928
33,8398
23,3169
16,9733
2,2982
2,9974
121,8195
23,1602
25,6139
4,0096
15,7514
29,5652
57,1341
58,8158
32,7304
31,0901
24,2955
1,1958
13,4960
17,9813
24,6157
33,1515
12,7175
12,7951
6,4753
2,1123
0,8242
4,7735
20,5649
23,4570
30,6593
6,3838
167,8744
20,4084
7,2596
101,0221
0,7957
1,2467
17,4721
0,8750
3,8015
2,2858
0,8096
7,9287
26,8536
16,6338
2,8972
4,0064
4,8279
13,7907
1,0287
11,9028
3,9903
15,6083
30,1313
56,5712
80,7134
51,1105
3,1200
26,4560
81,4656
5,1584
16,0404
12,0301
1,5708
2,8688
4,8379
4,3021
6,6630
32,6920
24,9014
60,4226
14,8322
9,8437
28,0969
47,5117
14,7163
18,9257
49,3321
20,2150
19,6183
0,7790
78,8397
132,5813
143,5755
4,1677
5,8442
5,5364
13,7813
0,7588
0,7669
40,8878
4,3211
5,9374
9,9399
6,9616
10,9509
2,0057
39,7088
3,7761
1,9593
5,1334
2,5212
3,3455
3,9079
6,3736
9,2950
9,3949
4,6081
1,7633
2,1895
2,4150
6,3833
4,9262
7,7281
9,2249
1,0525
3,7874
2,4119
3,0928
3,6272
4,0808
6,3694
5,0232
9,9081
17,7338
3,1457
24,5785
20,0682
17,2390
1,2431
0,7081
1,5830
0,9350
7,7092
12,7505
16,2707
1,4265
2,7781
0,7649
3,5790
3,4489
2,3952
4,5222
2,5377
5,6296
18,5845
26,2275
13,8618
12,1428
6,6712
9,3909
18,0210
16,3948
15,3882
13,9826
17,5209
8,6955
1,1058
22,0012
11,5499
21,8860
1,8636
34,8184
1,5881
14,2357
11,6247
9,1560
12,6759
1,3862
6,0778
61,1442
27,5287
35,4891
4,0262
16,2234
36,4022
5,8895
124,6434
1,2548
1,4881
62,3232
1,6282
1,7787
1,9980
43,4873
0,9439
7,8434
91,4597
0,7827
1,3464
1,6535
134,3712
92,1349
0,8021
1,6010
2,3195
2,4308
23,7795
141,4915
91,8775
1,3561
1,5874
2,5732
3,1818
3,4582
1,2413
0,9768
52,4365
42,8697
32,9070
32,0954
1,3774
0,7625
39,5889
1,5619
0,8113
2,0736
61,8987
7,3246
24,3961
1,0559
9,4432
1,5593
0,8704
12,9077
4,0952
5,3661
2,9117
1,9104
0,8750
19,2074
14,2844
6,3952
0,0000
0,9856
1,0923
15,6008
8,9069
51,3195
14,0903
0,0000
4,3152
0,8750
19,6369
15,3784
1,1230
0,7019
24,3122
0,9147
36,2919
23,2113
11,7178
4,1799
1,6829
52,2927
34,1248
52,7451
17,9593
2,0928
0,0000
34,6291
113,7681
3,4920
12,2192
21,4866
25,5960
0,0000
10,1614
104,9955
60,0756
51,8838
0,9206
26,2442
42,6376
0,7025
0,8750
15,8707
0,8530
4,6583
3,6815
2,0320
1,2150
1,6203
16,6240
22,5482
4,9566
6,0677
0,7036
2,1148
0,7883
0,7893
2,2146
7,7168
0,8484
8,7408
0,0000
0,0000
1,5438
0,7855
1,3179
0,7986
4,1905
2,1822
0,9510
1,0281
0,8750
0,0000
5,6940
0,7398
3,1259
0,9914
0,7622
10,5582
0,9107
0,8470
3,9636
0,8750
4,4743
2,7991
1,4407
14,4961
0,7018
0,9824
0,0000
1,9161
0,0000
0,8894
0,8629
1,2792
1,9954
21,4052
24,5100
0,0000
3,9608
11,4582
2,7360
28,7526
7,2630
6,4570
0,8167
0,8750
86,8032
21,8321
4,3349
7,3836
0,7274
6,6640
0,0000
0,7130
0,8740
1,4402
20,8550
10,0414
13,4201
17,6560
1,7270
5,0501
0,7276
62,3879
26,6545
11,6848
0,7922
1,0093
0,0000
19,7139
8,0823
8,0448
6,4830
3,6101
7,2641
171,5399
0,8850
7,6979
4,3491
12,4011
0,7368
2,3048
15,1318
29,7692
4,5445
4,1278
0,7043
0,0000
1,0469
31,1818
16,3185
7,2319
3,4122
4,5403
1,1466
0,0000
66,6931
3,2582
1,6405
9,9995
27,2913
146,2125
22,3208
9,8890
0,7028
17,4765
0,0000
0,7588
0,0000
0,0000
2,6116
17,3115
13,2507
0,8750
11,1625
0,0000
0,0000
1,3550
0,7798
0,7653
0,0000
0,8750
10,6248
8,6829
2,4405
1,0907
1,2482
0,0000
19,6955
2,7803
3,3835
1,2238
0,0000
0,8120
17,6977
7,6959
1,9545
2,4751
1,1433
10,8909
5,7832
6,0920
0,7771
5,2599
2,9080
0,0000
26,2956
11,5044
3,4926
3,5135
1,4712
0,9901
20,3565
15,7095
0,0000
7,1941
4,2828
18,2993
1,4473
0,9945
0,0000
1,5819
35,8163
9,4629
23,3171
17,9002
2,4473
2,2908
68,6770
65,3255
27,5029
3,1078
6,3840
0,0000
12,3796
1,2673
4,4373
2,6683
1,3220
0,0000
0,0000
0,0000
0,0000
0,0000
10,4559
0,8068
5,8771
0,7040
0,0000
1,8728
1,4353
0,8673
0,0000
0,0000
2,7224
1,0264
2,9744
4,6042
0,0000
5,1173
9,3732
4,5321
13,2750
16,6606
21,3261
1,9591
0,7607
12,1700
0,8750
3,9825
2,1169
2,0490
2,9819
4,9742
0,7055
0,0000
189,8409
1,1578
25,1650
19,4509
0,9836
0,8165
2,6260
0,7709
2,1123
69,1103
16,7450
21,1134
4,4572
0,7016
0,0000
16,8037
15,7763
0,0000
3,1012
3,4257
130,5644
118,2467
7,3519
2,9775
1,7769
0,0000
1,8163
1,9640
0,0000
0,0000
1,3980
15,5524
8,6243
11,7280
0,0000
1,9806
0,0000
23,0036
21,2978
8,6116
4,7793
1,0188
1,9120
96,1574
3,0942
3,2195
5,9686
1,8116
2,9464
1,0999
1,1716
1,2467
1,1489
0,0000
1,7070
0,0000
0,8752
0,8750
0,8806
0,9671
1,0031
0,0000
0,0000
0,0000
0,8750
0,0000
0,0000
0,0000
0,0000
0,0000
0,8750
0,9219
0,8750
0,8750
0,8750
1,0304
0,8750
1,3885
1,5266
0,0000
0,0000
0,9980
0,0000
4,5280
1,0342
0,0000
1,5127
0,0000
0,0000
1,9052
0,0000
0,0000
0,0000
0,0000
0,8750
1,3011
0,8750
0,8750
0,8750
0,9575
1,3575
0,0000
0,0000
0,0000
0,0000
0,0000
0,0000
0,0000
0,0000
1,5016
0,0000
0,0000
0,8750
0,0000
0,0000
0,0000
0,0000
0,0000
0,8750
0,8750
0,9580
1,3061
0,8750
0,0000
0,8997
1,2277
1,1585
1,7175
0,0000
1,1646
0,0000
1,1088
2,0733
0,0000
0,8750
0,9358
0,0000
0,0000
0,0000
0,8750
0,0000
1,1164
0,8750
0,9004
2,0174
2,3137
0,0000
0,0000
0,0000
0,0000
0,0000
0,0000
6,4466
4,8948
7,2322
1,3061
3,2234
1,1311
0,9138
0,0000
2,1655
0,7031
0,0000
0,0000
3,8285
9,4120
7,6754
0,0000
0,8381
1,8192
23,9692
4,6871
5,3306
0,0000
2,8147
1,5210
0,0000
1,1996
1,9902
2,0666
3,5644
2,8628
0,9556
1,6104
0,8912
1,6935
4,4313
2,8739
2,7227
0,7143
2,0840
34,4681
0,0000
1,0869
2,3004
1,0618
1,0294
0,0000
0,0000
0,0000
4,0459
0,8750
2,0680
2,7897
1,7473
1,0126
2,7055
1,4432
1,6615
2,1481
0,9376
0,0000
0,0000
0,8750
0,8750
1,6203
1,7625
3,7422
0,9146
1,3153
0,0000
0,8750
1,1200
0,8750
0,8750
1,0659
0,8592
0,0000
0,0000
4,7283
0,0000
0,0000
0,0000
0,8750
0,9903
0,0000
0,8750
0,8750
1,4235
3,9047
0,9474
1,9747
16,4117
3,6979
2,5585
0,9148
1,0472
1,1924
5,8177
0,8750
0,0000
1,6312
3,0246
3,3300
0,0000
0,0000
4,8268
0,0000
0,0000
3,6965
0,8750
0,0000
4,4270
2,9815
0,0000
0,0000
1,1443
3,0990
0,0000
1,0208
2,1965
1,7210
0,0000
0,0000
0,0000
0,9060
0,7015
0,0000
0,7015
1,5269
0,0000
0,0000
0,8750
1,1862
1,1505
1,4661
1,0632
4,7591
1,2409
4,1729
0,0000
0,0000
0,0000
1,4254
6,2524
0,0000
1,7931
0,9151
1,3455
0,9111
4,3611
2,4364
0,9681
1,5341
1,8231
0,0000
2,8705
0,9208
0,9849
0,7017
3,5351
1,3808
2,0554
0,0000
0,7411
0,7035
0,0000
0,9257
1,6179
0,7017
1,2348
1,4050
1,5193
0,8761
0,8750
0,7015
1,6532
0,0000
0,9719
1,9104
0,7020
0,8750
0,0000
0,7019
0,0000
0,0000
0,7015
0,0000
0,8750
0,7022
1,1958
0,0000
0,0000
0,0000
2,7418
0,9554
3,6947
0,0000
0,0000
0,8750
1,4673
0,0000
0,8750
0,0000
0,9931
1,1980
5,1746
9,7410
2,3156
11,6653
0,0000
4,8581
22,8935
81,6697
1,9406
1,6747
1,5428
1,1591
0,8750
0,0000
0,8750
25,1442
15,1502
12,8376
10,0455
0,7053
0,7038
0,0000
1,0847
0,7874
0,7641
0,7980
0,0000
0,0000
10,4397
18,4825
7,4131
18,2812
2,0307
1,5735
2,1505
0,7051
0,7928
3,5702
3,7563
0,0000
0,0000
0,0000
0,8750
4,5956
5,6245
1,0647
6,4411
1,4658
0,0000
90,5262
27,4424
19,5338
5,3176
1,5727
3,4189
0,0000
4,8312
0,7040
0,7812
13,4248
20,5344
0,7216
10,8066
6,8004
1,9154
0,7015
14,2916
17,8208
0,7257
6,4745
1,2642
0,0000
27,3177
1,0284
0,7030
2,1112
1,4013
4,1769
7,0985
7,8481
2,1300
4,2558
6,2391
1,0161
6,4022
2,2838
4,1463
2,2252
4,7878
5,6962
3,3189
0,0000
6,3629
2,7813
3,5641
0,0000
0,8750
4,3429
3,8043
0,7437
0,0000
1,8748
0,8750
1,6514
0,9996
0,8750
1,5369
1,3497
5,1784
2,9181
1,9739
0,9942
0,0000
9,7263
0,8750
1,0759
0,8096
11,7357
1,0598
8,4638
0,9394
7,3052
0,0000
0,8750
0,0000
0,0000
1,0787
4,3341
0,7947
0,0000
0,9974
0,7015
0,9293
0,8750
1,4002
0,8750
2,1198
0,0000
0,0000
0,0000
2,1603
3,9158
2,1167
5,1830
16,7905
10,7340
6,3429
0,9972
2,0301
1,8592
6,8665
13,2908
2,8093
1,2747
1,7987
6,7047
0,0000
0,7049
0,9831
0,8750
4,0382
0,0000
0,8885
3,2367
2,9105
7,0231
0,0000
0,0000
0,0000
0,0000
1,9532
4,0611
0,0000
1,7756
6,9629
1,7050
0,0000
1,5961
0,0000
0,7816
0,0000
5,1731
0,9049
0,0000
0,8751
0,8750
1,3240
2,5567
2,3823
0,9290
0,9239
0,8497
0,8350
1,1759
0,8282
0,8427
0,8750
0,0000
2,0089
0,8662
0,8827
0,7024
1,1186
0,8750
1,2823
4,6185
1,9887
1,1546
3,1892
1,3351
1,5736
2,1883
2,5269
2,6674
20,0635
5,4396
1,1318
0,0000
4,9974
0,0000
0,7044
0,7135
0,0000
4,6395
2,0259
3,0536
5,2078
5,5210
5,6666
1,4530
0,8845
1,7238
2,6631
1,5041
5,4371
1,3155
0,7021
0,0000
1,4782
3,0018
0,9945
1,0565
0,7038
1,4964
2,0295
1,5994
0,7174
0,0000
0,0000
0,8604
1,0826
0,8564
4,5310
4,3252
4,9695
2,1931
1,1146
0,0000
0,8750
0,0000
2,2898
0,0000
0,0000
2,0682
15,0447
0,9183
3,3432
3,0855
2,0958
17,0490
2,7381
7,0961
2,9867
2,7994
3,6770
12,2909
5,5539
32,2816
0,0000
26,8394
20,0088
23,2025
0,0000
10,5530
12,2553
0,0000
7,2387
0,0000
0,0000
5,2204
0,0000
1,5490
1,0216
0,9553
0,9925
2,4567
0,0000
1,0269
1,8224
1,6542
7,3334
10,4824
0,8889
1,1673
0,7316
0,0000
1,6119
0,7122
0,8412
1,1414
0,7611
1,3538
17,1563
0,8871
1,2876
2,4502
0,9521
1,2226
0,0000
2,9183
0,0000
2,5702
2,0610
2,8502
2,2735
3,7647
3,6427
2,6926
1,1734
5,3541
0,0000
8,3702
2,8469
1,0232
5,2739
40,9371
10,9336
4,6581
0,7688
13,5493
31,5484
1,5164
1,8543
7,2894
6,4482
11,8935
15,9376
15,7232
30,7627
3,3457
0,0000
5,8157
21,7317
12,2357
19,4175
1,3079
1,5602
0,9149
38,3174
2,6400
6,3857
55,3921
6,8411
3,3717
10,0258
3,1957
13,8729
8,4856
13,5410
22,8372
4,8799
10,0073
8,5993
8,4091
7,0913
1,0701
1,7063
2,7051
2,0831
11,4072
0,0000
0,7022
5,2438
3,2350
5,7854
3,9071
3,1649
1,2372
0,7942
0,8322
0,8750
3,1550
0,9098
0,8370
0,8750
1,0341
0,7015
1,1767
0,7490
0,7312
2,0879
1,7562
1,2108
5,9212
1,3342
7,0147
4,9293
6,3849
7,2634
8,3574
16,2049
8,7100
1,2447
0,8160
48,9079
8,8221
0,7086
14,4690
9,0825
17,2123
34,6213
5,6466
15,6334
7,0126
5,5835
8,8539
14,7475
18,2680
8,7867
10,3471
9,2287
12,4690
4,5094
11,4807
14,3332
2,6065
1,6649
5,6047
0,0000
2,9002
1,8948
3,3650
5,4313
9,4799
3,4642
3,8696
4,1484
0,0000
1,4198
0,8447
0,7594
0,7170
0,9857
0,8237
4,1662
1,8760
0,0000
1,6581
0,8750
1,5749
0,8750
1,4538
4,5311
1,5694
0,9388
15,2379
3,1818
10,0292
17,6862
0,8091
0,7023
0,8750
0,9116
2,0044
4,5049
0,7060
0,7420
0,8303
0,9663
5,6902
13,1171
9,0443
2,4775
0,9375
0,0000
0,7634
1,7551
21,1817
1,1837
3,2639
1,8470
17,4343
1,7070
1,1679
1,3616
0,7034
0,0000
0,0000
8,2702
4,6927
7,8069
4,6127
3,5497
0,0000
0,0000
8,0210
45,1696
11,6548
2,2041
44,5412
17,1941
28,2595
0,0000
23,9130
12,0507
10,7281
0,0000
3,6089
19,6588
22,7116
0,0000
0,0000
13,6866
12,8956
21,1415
9,6668
12,9094
1,3596
7,3458
12,5255
19,5990
13,3224
2,1910
0,8836
2,6498
2,1705
2,2853
3,3111
3,5782
2,6268
3,6192
2,0747
4,2516
4,3514
6,4624
8,5427
10,8891
12,1249
1,6107
0,7846
8,5239
5,6762
9,3788
4,3589
2,7476
6,8083
4,5521
6,7561
8,7011
0,0000
3,1136
10,6999
0,7815
15,1337
12,1861
4,2596
12,3941
5,4014
24,8410
39,1641
5,3155
47,7839
28,8976
30,3170
0,7181
16,8551
24,7230
0,7974
27,2061
25,1365
11,6157
38,8439
34,1065
38,6629
55,6912
60,9465
1,6723
77,8908
0,0000
73,5764
103,7828
57,2598
15,9253
60,2321
16,7411
15,1997
52,4080
46,0430
18,4247
48,3247
19,8423
15,4546
2,4071
21,3215
6,0718
1,5343
0,9019
0,0000
0,8076
0,0000
4,8018
10,2292
1,6433
9,3503
7,1777
0,8943
1,4054
1,6258
1,4467
0,9588
7,1483
2,5553
1,4110
0,7863
2,9389
2,7744
11,9327
1,7668
0,7729
3,9887
3,3074
6,1026
5,3953
8,5306
1,3391
9,0341
16,2345
0,8768
18,8541
1,5852
0,7314
37,8539
65,1319
0,8054
0,7267
55,5648
0,8431
27,0545
40,6261
0,9494
39,7745
22,1994
21,2475
21,6447
22,6932
46,1886
13,9313
9,4366
29,5002
30,4152
25,5026
29,4547
10,3164
15,6901
18,4695
5,4073
16,6495
0,8817
4,2964
9,2173
5,6805
22,8650
17,9817
10,9787
11,3256
8,2315
2,9629
0,9902
1,2141
1,1591
0,0000
0,8292
0,7708
3,1423
1,0315
0,7025
0,7776
0,8465
0,8192
0,8102
1,2947
0,8347
0,0000
115,6647
0,8750
6,7651
7,9798
6,9299
15,2167
70,2953
26,1676
19,4855
27,1811
91,2464
0,8750
21,3983
21,1160
91,5430
6,3249
47,5961
3,6018
2,4632
3,3090
9,3880
18,3426
15,4421
3,5863
32,9906
9,0189
8,0883
35,4956
8,8672
42,3505
8,4583
27,9476
2,5417
7,8333
1,5635
1,1770
17,0471
1,6890
5,4684
6,1748
8,4540
9,6286
10,6490
3,7978
0,7598
17,7426
0,7574
1,0385
29,5928
1,4309
61,1393
0,8107
1,2486
1,0014
5,8517
7,4557
0,7868
0,9582
7,9298
16,1979
9,9391
38,0736
20,2381
44,6643
8,3965
15,6561
6,5054
9,6131
7,4752
127,9913
29,6338
83,7040
94,8482
98,6001
5,3539
3,7859
23,2452
24,7731
0,9853
0,8750
116,2528
21,2739
33,0278
8,0057
24,8374
77,4275
79,1753
18,9599
137,4459
76,5452
117,5029
26,3543
92,0748
73,3947
90,7860
83,1370
71,8737
86,8366
61,4843
40,7855
29,1781
78,9925
7,7364
10,8414
2,9056
8,0675
29,0923
41,3312
4,7441
56,9249
5,2776
12,9698
9,5115
0,7989
12,5219
14,2147
6,1508
4,3084
1,4069
7,0680
1,8661
13,9833
1,1982
1,2958
2,3038
6,9565
8,3434
10,8694
3,3353
1,5564
1,0346
1,0305
3,6522
8,1503
2,1578
13,6329
1,0004
1,1003
20,2816
26,0343
3,1170
2,2479
46,8315
72,3817
0,8082
36,0442
1,3430
24,9589
22,1741
5,5248
7,1338
14,4585
29,0382
16,0902
15,1647
2,3908
4,5362
19,7158
18,5372
5,7272
14,7189
12,1035
14,5368
14,3211
19,3237
18,0754
14,6710
27,5260
19,1800
12,1829
20,8278
5,7403
12,8675
7,4536
5,6914
4,0453
5,3183
3,7035
3,1206
0,9483
1,5967
1,2107
0,7521
1,2775
4,2911
0,7976
0,8460
0,0000
0,0000
1,8455
0,7851
7,2546
0,8376
6,5982
38,0503
40,5852
61,2427
8,4587
0,9193
1,0512
0,0000
0,0000
21,0851
8,1106
4,5483
6,0211
3,5150
2,1057
0,0000
6,7642
37,3689
38,8816
30,7878
81,5815
4,6066
6,2505
3,6519
1,2896
7,0229
1,4237
0,7282
0,7679
0,0000
13,9813
8,7808
1,8392
1,9999
1,2006
11,7376
3,8403
2,1274
3,6005
0,8203
1,5388
0,9073
0,0000
5,3091
1,9373
13,5238
71,3408
86,6615
7,2407
119,1494
104,4769
147,8558
104,2568
1,3969
0,9043
1,2174
1,7389
2,1647
0,7299
2,6092
0,8835
0,7374
0,9903
1,2302
0,8695
11,0438
1,5578
7,9208
3,5727
2,3364
11,3668
3,8296
1,4752
7,2729
2,7925
0,8750
3,8016
0,9334
7,2171
0,9080
0,7180
7,3297
3,8913
3,2003
1,3355
0,9920
1,8231
1,1305
5,2018
0,8682
3,5982
3,7387
1,1820
0,7018
0,8402
1,4027
4,3704
2,4524
1,5530
0,8677
0,7861
0,8393
6,7332
12,6637
6,5238
3,1565
0,9099
0,7647
0,9696
3,8602
8,6119
0,0000
4,7208
3,3192
2,2055
0,0000
0,0000
7,4506
1,0172
0,0000
1,0062
0,0000
1,4601
5,7891
8,4043
1,1094
0,7342
11,1418
1,9785
0,8750
0,8750
1,7502
171,8750
45,6123
80,9998
36,6898
42,7631
39,6157
56,2158
4,6593
157,8884
71,3883
64,6773
68,3891
37,4171
1,0159
51,2421
122,1135
6,0705
101,7379
26,5644
56,6744
30,6279
13,2054
5,4982
17,3998
12,9562
12,8616
12,7255
2,0656
23,5243
1,5781
2,1711
3,0848
15,4206
21,9395
11,9211
16,4971
14,1578
6,7620
2,9690
2,9166
1,5383
6,6365
1,2238
5,0189
1,1204
0,7368
0,7688
32,5540
88,2262
39,5055
0,7933
1,5489
3,2407
11,6216
23,2121
48,1416
10,1498
3,0944
5,6266
78,5051
24,7823
29,3178
13,3871
18,9765
15,0985
16,4943
12,5319
46,0448
34,9203
17,1674
71,0385
9,8852
70,3835
5,8921
4,7253
34,8299
17,1103
232,7702
230,7056
50,5926
26,0384
116,8098
12,6120
0,8663
136,0221
77,2565
161,5001
160,8173
0,9464
49,7946
142,9813
0,8388
179,8164
131,8753
142,2656
15,2519
65,3940
34,7206
68,7697
8,2879
16,2328
6,2461
21,9170
29,0083
24,6370
40,3642
57,7743
61,4404
41,3459
10,5462
21,2782
53,7377
20,2047
26,9789
6,0315
6,0974
2,8763
2,2815
6,8865
0,7368
2,7131
9,5956
3,7338
1,6266
0,7390
1,3565
1,5719
6,8483
23,4055
0,8502
21,9324
6,0117
3,0127
3,1228
1,9024
1,2445
2,3760
27,6020
4,0061
3,9063
85,6980
14,9859
0,8910
42,5506
2,3107
32,3495
43,5050
5,2570
20,3249
8,1312
10,7734
32,0733
1,9025
9,4751
31,4565
13,9335
15,1028
17,9719
28,0358
16,2367
25,8530
24,0463
17,2374
23,8211
20,4803
32,1425
32,0880
23,9062
10,4827
21,5257
12,0403
13,5324
5,9306
8,6401
10,1832
2,9416
1,3633
1,0427
1,1085
3,0141
1,1605
1,2533
0,7741
8,1431
1,0065
3,5940
0,7133
1,1981
0,8619
5,4523
0,7073
4,3171
18,8244
13,8268
4,4323
1,9558
0,8750
168,3058
18,6826
29,0841
11,1414
0,0000
40,4680
0,0000
4,9732
1,8012
0,0000
9,0881
9,9284
7,5347
36,3177
3,0075
0,9027
0,0000
26,3625
25,1520
28,7107
1,6372
5,7053
2,8677
14,8147
11,0610
2,4739
2,6455
0,9532
15,9962
22,5845
10,3181
4,5865
5,4236
0,0000
0,9357
0,8477
47,3946
18,4622
1,0101
40,3366
24,2931
32,6628
2,0791
11,2353
32,9744
12,0810
1,7128
9,5362
3,5265
0,9419
4,3925
17,8773
4,2536
9,4548
5,1113
7,5906
2,3900
1,1653
19,2222
6,3587
1,5875
4,3633
1,4560
3,1190
51,9562
11,0546
59,7515
3,3140
2,3244
1,6237
1,2956
25,4089
3,8434
2,9711
1,2497
60,3772
31,4678
34,3653
4,4432
15,2683
2,4604
1,6258
61,2164
3,5721
19,5258
3,7826
1,0412
1,1166
69,4164
20,6710
1,0366
113,1108
66,1386
70,6336
0,0000
1,8549
0,8750
0,0000
0,0000
12,3057
0,9973
0,7020
1,7860
0,0000
0,0000
0,8706
41,0887
16,1989
6,9263
0,9027
1,3808
116,9815
1,8148
0,7015
3,8358
0,8750
2,5841
3,7312
12,3695
0,7359
2,1829
2,8600
1,2449
15,8943
5,5840
0,0000
0,7453
16,6637
0,8991
0,7557
0,8272
3,9112
1,2372
2,6479
1,2298
18,8943
0,7101
3,5821
1,8780
0,8750
107,0626
88,4144
139,8481
28,9060
29,4167
17,7453
10,9964
121,5316
207,6835
94,6318
149,1926
64,7520
67,6123
90,6066
104,1838
51,6408
41,5480
3,5792
30,3610
32,5015
54,6821
92,8570
56,2180
37,5079
29,0710
107,2435
8,0558
58,0466
31,9964
10,0005
1,0800
22,0655
45,4138
12,0337
141,7467
26,8508
10,3544
32,4416
21,5619
15,1574
15,2619
22,7920
16,6945
9,3192
12,0240
3,9687
6,8744
7,9849
3,1736
8,1153
11,6554
10,4246
3,6530
19,3839
1,1667
22,3104
42,3737
0,7630
30,5626
0,7634
0,7399
2,5331
1,3605
1,9050
7,4567
4,2034
4,8895
1,4882
11,6059
41,7592
1,2764
27,2182
10,9988
0,9576
7,8879
7,9016
15,7190
5,2060
42,2474
9,2892
3,9116
8,4168
5,0727
2,3560
33,7337
15,7089
20,6982
25,6994
32,9129
40,9853
51,7793
2,1200
1,0954
0,7959
0,7998
42,9474
152,6624
0,8987
14,5907
17,1680
177,2728
111,1253
20,1604
91,7937
25,9899
12,8898
14,7392
44,3524
0,8202
5,2172
0,9312
33,7565
2,0917
26,1026
30,3990
13,9542
42,7666
30,2282
24,9560
17,6483
36,5952
9,2230
15,8064
3,9254
3,4276
2,3742
1,9860
2,2896
3,9586
1,9615
1,6807
6,7047
2,8390
1,1163
5,7729
7,3232
0,8604
6,3065
1,1367
3,0853
8,3258
4,7100
1,7458
2,1255
1,2405
18,9762
1,7294
8,9306
3,8393
67,6084
51,1846
67,8764
58,2636
33,2157
0,8408
1,0414
19,3535
30,1800
6,5488
6,3425
5,3396
17,1072
22,1130
11,1953
11,5489
7,1920
12,7860
16,7650
1,4225
28,5269
6,2891
13,6832
25,3106
38,8026
17,4778
35,8500
17,2934
0,7996
8,1284
16,1350
13,1205
18,5222
7,0585
4,8781
7,7357
5,1859
0,8185
0,7532
2,0089
5,4585
1,3072
1,8048
1,2920
12,7648
0,7465
12,9490
1,0257
5,8347
0,7828
2,2117
1,3480
5,8968
7,7309
42,6860
1,1613
12,3285
13,7789
29,0960
70,4853
2,8543
112,2649
87,2442
14,3064
4,2886
2,1462
2,7513
0,0000
12,0042
18,3426
25,0817
0,7626
9,2667
1,6358
0,8750
53,1313
13,7999
1,3150
1,4922
1,0172
1,4507
53,9536
0,0000
0,0000
0,0000
74,9674
40,5021
176,6221
83,8877
177,6522
8,8054
1,6769
14,8111
15,4185
7,1759
0,7029
0,9627
34,9365
8,7339
2,8371
0,0000
0,0000
0,9138
1,3763
115,5760
59,9452
7,3942
5,0625
0,0000
1,7733
47,5409
42,8657
11,1451
0,7020
8,5770
230,1971
7,8497
0,8511
0,0000
7,0263
9,2431
2,9827
2,4084
0,9438
0,0000
17,7962
3,6710
1,8855
0,9857
0,8734
0,8750
32,2169
4,6628
5,4336
3,3701
3,1068
2,6515
0,7019
12,6169
9,7230
1,5330
2,0933
0,9728
1,3534
6,6449
5,7346
7,0407
4,8780
3,3592
3,0635
0,0000
0,7033
0,0000
0,0000
15,5399
3,5896
1,5014
5,5452
0,9234
0,0000
0,0000
0,7395
3,6376
0,8860
6,8801
0,0000
16,2291
1,8932
17,1503
9,4095
5,0460
0,7022
0,7020
2,1037
1,0491
15,1026
16,7172
14,9023
6,5523
0,0000
4,1115
3,2221
3,4006
30,8188
33,6828
9,3347
3,5366
0,9815
2,1398
2,2379
26,7795
0,7032
20,2854
1,9271
2,2297
7,7637
30,7338
23,0377
1,9143
1,6707
0,0000
0,8012
3,1239
1,9557
29,0100
24,9396
3,0550
1,5049
19,7119
17,1491
29,9520
19,0978
2,1487
0,8750
18,9105
75,5936
35,8621
57,5101
2,4932
5,3798
229,1017
89,8822
51,4897
10,2687
5,2219
0,8752
2,8195
0,8197
2,3095
0,0000
0,9153
0,8750
14,8652
1,2497
18,4017
7,6073
3,0752
20,1810
24,9888
39,0211
17,3856
8,4339
4,0965
2,7520
15,9025
4,5549
4,1969
3,8465
5,8924
5,8411
3,4658
4,7113
8,6356
2,5222
1,2655
133,9953
22,2009
14,6568
5,1024
4,2892
0,0000
101,8832
0,7241
8,9558
16,7316
6,4467
4,2762
0,7845
1,1592
0,7035
2,7727
3,8363
7,6003
4,9277
3,2368
3,9168
1,1935
0,8279
0,0000
24,5286
4,3593
1,3819
1,9771
0,7116
0,8750
1,2047
38,2944
4,1449
22,9121
18,5876
2,3810
2,1485
9,4363
7,0006
7,5200
12,3075
16,1271
5,6023
12,2875
5,0500
1,9615
1,1316
52,6423
1,0372
8,1523
3,5768
17,4990
1,4946
1,9665
40,6700
31,2649
0,7893
5,7327
1,1885
1,2147
3,8503
4,2653
10,7984
3,2495
9,0215
2,9243
23,9537
6,4861
1,4880
0,7392
1,1796
2,9062
1,0600
0,7369
2,1648
0,7481
1,0118
1,1787
1,0788
0,7061
0,7036
0,0000
0,8750
3,6861
11,1441
120,6896
4,2016
1,9583
1,9365
22,8426
30,2704
1,7275
10,5312
1,7603
1,9329
17,9885
1,5398
1,3374
1,2687
0,7772
0,8370
6,2517
0,9464
1,6089
1,3306
11,4998
0,9016
13,0573
22,3971
28,2329
0,9305
27,2846
0,9759
1,0743
0,7142
0,7891
9,5916
11,1664
13,5867
0,0000
3,4330
1,8454
3,9199
2,1351
0,7043
3,0995
0,8750
0,0000
0,8751
1,4917
0,8750
1,1437
11,9997
3,3061
39,1882
6,5521
12,6572
28,6329
39,8133
64,3466
18,9264
1,7417
2,0861
20,4044
1,0838
0,8942
25,6015
6,0917
11,1059
16,3769
14,5713
22,4421
38,5461
1,2629
2,6693
8,8271
0,7445
1,1179
6,6087
1,1674
0,7353
6,8168
5,0557
0,9207
3,4028
0,8750
1,3960
3,1745
11,6039
60,6882
55,3188
2,8134
22,5214
0,7565
7,5359
50,4096
1,1591
10,5034
0,7607
2,5431
6,2841
16,9616
17,5853
7,0469
0,7613
13,6272
28,1051
44,3411
3,9585
0,9847
15,0371
13,3096
11,4734
1,9819
1,0389
1,5246
0,0000
46,0587
2,9232
6,1844
9,8319
44,5607
0,9846
1,4306
0,7728
1,6055
0,8677
37,0355
39,0111
2,8123
63,5420
9,3703
0,7501
0,9694
22,0318
1,8840
29,1384
6,7933
183,6443
4,7523
1,1058
3,8627
14,8391
0,8751
6,7177
103,3948
3,7145
1,0452
1,1038
19,7137
38,1695
0,8334
1,1637
0,0000
0,0000
0,0000
47,0402
144,8940
3,3493
2,6726
3,9154
1,4303
1,8520
1,2358
37,4682
74,8340
1,7282
1,1559
0,8026
54,7132
124,0830
111,0865
15,5345
4,0301
15,7068
15,2927
35,4908
62,6156
21,6169
2,2442
25,0088
20,4459
25,1695
0,0000
1,8114
5,0432
0,0000
0,8750
1,5406
6,4123
24,9018
3,4287
1,5857
0,7628
2,4028
1,5717
2,0130
1,4430
0,8730
1,2674
1,7928
19,2032
0,8632
63,7834
159,1121
144,8690
94,9210
5,0900
3,1066
22,1642
14,5736
77,4326
117,3761
77,6973
26,4632
0,7062
1,5666
2,0734
15,7789
17,2730
23,1072
9,3503
2,4214
4,5940
6,7513
12,8912
0,8750
1,4381
2,3936
2,5313
3,4388
2,4506
1,9495
0,8597
2,0487
1,5752
1,2709
0,9265
1,9541
3,6150
9,1706
27,3738
28,4609
67,9571
154,1422
127,2015
82,3659
4,8554
7,5048
14,3389
60,4536
4,2674
45,1527
29,1442
200,5305
3,4063
2,6487
3,2460
5,5629
9,3143
0,8750
0,8750
2,7392
52,0723
148,1013
1,6619
1,4287
1,1950
213,0004
29,6327
8,9977
8,2574
29,8432
56,2469
8,4043
40,4150
84,2399
0,7798
9,1459
31,8844
69,0740
1,3559
75,3196
42,2625
28,5030
3,1215
1,7870
2,0158
0,0000
4,5322
0,0000
0,9536
1,6928
0,8750
9,0240
3,6199
21,5535
3,3889
2,1259
0,9938
13,1006
2,1392
5,1757
19,3051
1,4202
9,5277
1,1490
60,4200
14,5073
50,4978
9,2986
15,3072
0,7802
39,2753
4,9490
16,9624
70,8757
127,3423
5,7952
18,3450
35,8996
54,6188
18,2802
44,6179
94,4749
60,2621
2,8318
3,5215
0,8753
0,8974
26,5015
32,9276
20,4386
12,8737
4,5431
1,1408
1,0141
0,7021
3,1914
2,7944
1,4210
55,3910
12,0708
43,9352
0,9508
34,3469
0,8090
0,9483
25,6811
66,0519
6,2772
18,1077
41,4993
9,0958
29,0047
65,8326
121,5991
141,2268
0,0000
17,6012
17,6688
18,0179
19,0096
20,9172
64,1170
113,6206
135,4583
0,0000
0,0000
7,5548
16,6315
3,4458
2,3972
4,8368
3,4288
0,7518
1,4328
2,2645
2,6125
0,7695
1,0759
1,0140
1,2710
1,1205
2,1462
28,0311
20,1662
34,6777
1,3054
0,9999
6,3050
205,8447
5,9719
4,8790
8,5338
14,5665
26,8281
49,1986
4,8082
30,4280
127,1039
1,1386
0,0000
0,0000
1,5322
2,8761
41,1468
2,4648
1,2882
3,0860
97,7654
2,3201
10,3793
0,7625
16,6479
1,3749
1,5899
180,1445
0,7768
2,9254
17,4770
33,7142
118,5091
160,3791
140,6681
4,5659
2,2197
1,5522
14,6567
75,8974
116,6659
38,8935
179,8570
2,6399
0,0000
0,7715
0,7090
10,3487
13,1677
1,5790
0,7480
5,6209
2,2190
0,8884
31,0557
18,9622
46,1032
4,6232
1,2664
1,6846
18,2482
45,8603
79,1299
71,2941
1,1015
0,7573
1,5251
36,3223
74,0311
60,3791
159,9303
0,8003
0,7676
23,3544
21,0627
69,8812
93,4537
172,9858
2,4425
5,2287
6,1940
18,9735
48,9257
81,9862
0,9932
127,2232
220,4137
0,0000
1,2419
4,4943
13,6180
0,0000
0,0000
7,6877
20,9636
0,7339
241,3165
138,7546
233,3658
0,8314
141,7287
0,0000
0,0000
0,7044
141,1921
13,6275
72,0082
15,1314
3,1933
108,2058
2,1659
128,0575
119,4066
29,2360
17,7046
0,0000
0,9476
1,5266
0,8210
2,6153
0,0000
0,0000
11,8975
59,1065
25,4658
32,5763
4,1332
168,6671
1,2987
27,7481
54,5577
1,1479
85,0122
8,6204
0,7601
1,3389
1,5684
1,0465
101,7223
171,8151
5,6128
8,1229
25,6366
0,7807
0,7830
141,8187
52,9924
16,6670
8,6980
1,0432
26,3377
43,2507
74,7312
101,8577
160,4300
0,0000
0,8750
3,1620
12,9571
20,6982
28,7869
0,0000
0,0000
0,0000
0,0000
3,3195
0,7470
1,0562
14,5534
11,5127
18,1694
1,3478
1,7718
1,0196
19,7942
0,7543
27,4775
38,8362
1,8026
1,1492
15,8070
6,2522
0,7634
2,2693
3,2227
107,1009
102,4018
2,5528
10,4021
6,3134
1,2522
1,8501
2,3032
141,1820
198,5156
113,2480
4,7516
0,8468
0,8719
0,8336
2,0702
68,9349
63,0304
1,8267
1,8763
6,3381
0,0000
0,0000
1,4669
0,0000
1,7715
2,8834
8,5165
1,8115
0,7425
1,6172
4,4726
18,2728
1,7265
2,2524
5,2338
98,0169
1,8721
0,7536
2,6575
3,3773
79,2494
124,7587
3,8398
0,8119
1,8236
2,4378
63,4351
104,1130
0,8256
0,8481
0,8205
34,3651
2,6216
1,7218
1,0646
1,2089
6,9736
3,1178
1,2901
1,7513
1,0418
0,7275
10,3566
8,5397
8,8675
52,0006
1,1985
3,7333
4,5995
39,4681
0,7453
1,2910
16,1106
39,1760
23,5532
13,8819
2,7618
0,7386
1,4089
3,8342
55,7859
70,9391
18,0513
8,1764
0,7660
1,3679
3,7538
40,7545
68,6497
97,3782
115,8938
4,6076
1,0098
1,7041
2,7199
33,3033
58,4286
69,8703
0,8629
0,8038
17,8413
2,8516
0,8750
3,1646
0,0000
0,0000
1,4233
0,0000
4,5667
7,4442
13,6889
1,4684
6,1476
2,6106
17,3747
33,7634
0,9234
2,0193
5,3638
6,3946
57,2862
86,8287
0,7623
1,3837
2,8738
6,2323
40,0948
70,6877
1,0464
1,3794
3,3771
4,6765
41,0833
1,6362
1,5147
1,9708
18,1206
0,8750
3,1044
0,9880
0,8419
43,6781
46,6205
2,0092
7,4152
6,3468
17,1738
15,2545
26,3744
23,2568
35,7371
1,2230
9,6989
3,5424
4,8045
6,4257
10,7499
12,3220
20,8467
25,2507
49,6924
37,9681
4,0983
1,1353
1,8179
2,7317
3,4561
7,9261
9,0722
12,6056
25,8260
35,1253
37,2362
44,1914
7,8617
0,7455
1,2009
2,2108
25,9716
5,3253
5,8609
7,6884
22,1687
13,1709
28,3898
30,2003
4,0470
0,7334
1,2153
1,8169
1,8736
0,7994
0,8223
6,5174
5,3525
23,5846
5,8638
1,7611
4,0137
2,0059
2,2866
2,2770
1,0148
0,8444
0,8399
13,1830
7,4962
0,8952
0,7678
31,1013
75,9997
33,6153
9,9577
17,5802
31,3623
42,4852
1,4173
12,5083
5,1019
6,5954
6,9588
9,3447
12,6012
21,9156
27,5851
8,3499
18,9576
1,3703
12,6791
3,3653
1,6187
9,9444
1,9479
18,4089
20,6687
11,1981
11,8468
0,9850
1,2762
8,4171
3,8983
5,8440
1,1463
10,3393
13,7754
13,9203
5,3162
7,5099
7,5875
4,8279
5,9822
8,0564
0,9036
1,3388
2,0288
1,0806
1,1814
1,0115
0,8303
0,8514
0,0000
0,8489
0,7212
6,4259
39,6496
79,0693
5,1396
14,2720
5,5035
14,9540
28,8362
37,0349
5,8111
5,6258
4,2013
3,6120
7,8472
12,9431
3,0114
11,6468
40,7075
42,5948
18,3778
1,6172
2,7602
2,1703
1,9082
1,5125
1,3116
20,4197
2,6456
34,4832
6,3263
1,1845
1,5778
1,3967
6,2206
5,0497
10,2121
1,4448
4,3511
0,0000
3,1201
1,1166
2,9105
3,0316
2,4897
1,3463
3,4443
0,8240
6,0842
1,0234
0,7024
1,6144
1,1406
0,0000
1,2384
1,0501
1,1552
0,8750
0,8004
0,7856
83,3524
25,2180
22,4104
22,4326
36,4604
17,6840
13,5912
16,5709
10,0256
19,3209
8,7744
16,5751
26,6101
1,3688
7,5107
10,1183
12,4680
14,2613
4,2813
15,5318
5,1341
17,3270
8,0883
8,7382
9,2760
1,3549
8,8989
12,0283
10,5979
0,7451
1,1609
1,4709
5,3405
5,4033
6,7445
0,9903
1,0217
0,8234
0,8454
1,0499
0,9938
3,0991
5,2388
13,5767
60,0418
4,1951
12,2607
16,1559
6,0407
21,1585
30,0575
22,2804
1,7858
11,5626
15,0651
14,5871
4,1197
6,7073
9,1151
17,8889
1,8493
6,7210
8,9340
11,5610
10,2632
3,2363
6,4066
11,2909
14,3286
1,6231
1,5121
7,1146
7,5893
9,7275
2,3588
4,3713
6,0506
7,8015
1,1093
1,5622
1,8498
3,6467
8,7270
1,4766
0,8349
0,7523
3,4897
0,9359
0,8750
86,8537
3,8776
28,0300
36,4530
1,7428
0,0000
0,0000
0,0000
0,9995
1,2531
5,1089
5,2026
8,6664
13,1009
22,8395
10,3905
3,7340
6,4200
5,1367
8,8761
11,0372
16,4048
1,4951
4,7706
7,1337
5,5411
7,6577
12,7480
10,4336
1,0378
1,3721
1,4684
3,2780
4,8246
3,3244
4,8575
1,8196
0,7255
1,1625
1,7408
2,3099
2,1496
1,0566
0,7309
0,8691
0,7496
2,2254
0,8750
38,2472
59,1590
3,6379
0,7708
13,1057
2,6633
21,4002
1,3884
25,2468
45,2603
2,7690
2,0753
4,9550
8,3055
8,7576
19,1427
1,6426
2,7667
4,2996
4,1445
5,9933
2,2961
6,0438
10,5286
0,9112
1,7679
3,1022
2,2362
3,2424
6,0251
6,1522
6,6031
0,7138
0,8088
1,3971
2,0039
4,6284
4,2776
3,9475
8,2198
0,8517
0,9161
1,3314
1,0555
1,4418
1,5759
1,5794
0,9181
0,7341
7,3278
0,7028
1,0112
0,9153
3,4128
18,6024
133,2607
49,5209
15,1103
45,0845
3,2513
8,1043
28,5778
4,3475
3,9180
12,4776
4,6821
1,4220
5,3775
7,8557
6,5001
18,9962
6,0298
2,3756
1,8816
2,1481
4,7667
6,6429
9,6509
3,4436
1,3224
2,3360
2,9211
0,8262
1,6741
6,0773
2,9500
0,0000
1,3085
0,8906
0,7626
3,7655
0,0000
0,0000
1,1525
0,8750
1,2773
38,0209
1,2929
2,2149
6,5307
10,4838
20,5498
6,2487
33,4096
59,3116
14,8967
1,3238
16,4562
0,7849
0,9421
3,8526
0,7368
1,8262
4,5436
8,9292
4,5611
5,7530
6,2412
5,5851
0,7504
0,8958
2,3062
3,5180
5,3807
5,0746
3,9233
3,0990
1,0463
0,8171
1,5018
2,0725
2,8014
3,6608
3,2981
2,1308
1,4227
0,7714
0,8034
1,0298
1,3755
0,8138
2,4755
7,1979
0,7018
2,6877
0,0000
8,4189
46,0832
0,8865
80,3681
29,3905
4,8473
30,9401
44,7691
73,8908
1,2897
0,8564
0,9441
6,8351
1,6114
7,8593
12,3612
6,7199
5,4684
4,3053
3,4330
2,1329
3,5230
4,6315
6,6396
9,4190
3,3559
0,7732
0,9388
1,5179
2,5535
3,2119
2,9441
0,7852
11,1809
0,9666
0,8898
1,0980
0,7027
0,0000
0,8750
0,8293
10,9341
0,0000
0,0000
0,0000
28,2419
37,2405
40,0010
88,2369
111,9888
49,6054
1,8750
3,0181
0,7378
25,5324
1,4416
1,5185
1,9655
9,0651
14,7469
20,0615
1,3674
1,2117
3,6932
2,7078
4,1825
6,0658
8,8241
13,7359
23,8748
45,2652
1,4520
1,7398
2,6448
2,1155
3,4558
5,6357
8,3771
11,1638
0,7739
0,7410
1,1084
1,8848
2,3313
2,1288
1,2636
0,7889
0,7077
0,7241
0,8716
0,8293
6,8857
1,7497
0,8480
0,0000
3,6546
94,9255
0,8750
46,8179
130,6867
11,2554
4,9079
2,1659
0,7368
91,1294
5,8566
7,4789
10,9744
19,9192
34,8495
36,9257
4,5375
4,0366
4,2987
6,9626
11,1037
17,7352
1,3663
1,7490
1,6769
2,6220
4,1463
5,9892
0,7935
0,7635
0,9406
1,4801
1,7789
2,5652
4,2806
0,7822
1,2272
0,8092
1,4590
8,1545
0,9360
5,9121
5,4734
18,9337
45,2786
26,2133
47,6100
8,9133
7,5564
23,3261
25,5458
43,0786
3,1916
2,1674
2,9593
7,9294
8,9137
11,9007
13,3280
17,7093
2,7620
2,0900
3,1604
4,1971
8,7513
9,6444
4,1273
4,6590
9,2106
1,5157
0,9356
1,3511
5,5758
2,1266
2,8260
6,9507
4,9265
0,8726
1,2783
1,7447
0,9835
1,1277
2,5685
1,9736
2,3668
0,8398
1,7618
1,0435
0,8508
0,8386
8,5933
0,8750
94,1039
139,4263
57,6987
86,2168
58,9152
95,9521
19,1513
4,8527
8,0391
25,3835
18,2696
9,4356
4,6846
8,1123
9,6988
9,9327
0,8165
6,0922
1,3281
11,1460
12,9110
15,1435
16,7630
3,6757
7,5959
3,6351
4,5739
5,6401
6,2009
6,9493
7,7053
8,1024
0,8984
2,4559
2,8729
0,9591
3,5813
2,9197
0,9667
1,0326
1,2780
8,4189
0,8634
8,2773
0,8331
3,2999
26,6229
26,1558
28,2672
2,8103
17,8128
23,9259
31,9248
36,8641
43,3377
47,9381
5,7249
2,9282
6,5050
10,3020
12,8070
2,6683
17,5958
3,9004
2,4235
1,1424
1,3822
3,1040
4,6319
6,0156
7,4539
0,9937
9,1087
10,4923
0,7688
1,6108
2,4804
3,1334
3,8086
0,9754
0,7044
0,7934
0,7043
0,0000
0,8531
0,0000
1,2637
1,0946
1,4959
91,7406
85,8162
90,4970
38,7826
46,1781
2,2978
38,9544
5,1837
57,6958
21,4747
61,7920
14,9508
2,3462
51,1567
7,4410
65,5821
137,7704
50,8838
77,3525
44,1124
68,8770
0,0000
2,7738
6,0827
79,0376
99,8831
0,9601
29,0993
5,6867
7,3671
17,3924
9,5424
9,5165
11,6234
12,6849
13,2861
8,1171
6,1511
8,7411
7,4147
14,4210
7,9403
10,4537
1,6487
3,0361
4,4337
5,5555
5,1263
4,6423
7,1413
9,1094
1,6807
2,3303
2,9313
2,0076
3,0022
1,9052
0,7826
1,1477
1,2440
1,2569
0,8157
0,8657
1,5380
0,8289
81,9286
106,5652
1,2662
3,7375
1,3395
4,9800
9,7449
9,5257
33,2424
3,1504
3,6486
12,5407
21,4130
5,9458
23,7887
22,9829
5,8117
2,5941
10,9087
0,9948
13,8670
11,5691
18,5811
24,3201
1,2297
1,4332
3,5192
5,0126
5,8275
8,9152
9,1057
15,9980
1,0517
0,7875
1,4827
2,4380
5,9725
7,7143
1,2518
0,8238
1,0573
0,9075
0,8254
5,1358
6,6504
0,8750
1,0148
3,8483
4,2865
30,8824
1,5742
0,7474
2,0153
35,3381
0,9072
30,8019
3,9974
12,1715
17,9538
20,3414
5,1851
2,5132
0,8784
5,2525
6,7307
12,0556
15,6935
21,0059
4,5740
2,7072
3,9035
3,0134
4,2328
7,2581
11,1609
13,1335
4,6075
3,2027
1,4704
2,1902
4,3054
8,9382
9,8483
12,6492
0,7505
0,7981
0,0000
0,8587
2,2887
7,8534
1,3122
1,4342
0,8609
2,2555
0,8401
16,3096
0,7440
13,0197
24,1815
15,7025
5,6460
40,9501
7,0979
5,9066
3,3372
5,9159
11,9260
19,0033
8,2707
7,5593
7,0269
3,8111
1,7231
1,9711
5,2362
9,3110
18,1448
11,6498
26,6298
0,7747
1,5765
1,3029
2,8676
4,7715
6,4452
9,6164
17,9594
27,2033
0,7990
3,2703
0,7052
1,5198
2,2745
7,1661
4,8341
6,2423
0,7794
2,2764
0,7350
0,7678
0,8990
4,5059
1,3312
1,3953
0,0000
0,7024
0,7018
1,2151
1,3493
54,6552
46,9958
21,1973
53,1088
2,0802
2,4601
21,1618
22,5314
9,9492
3,6322
5,4986
3,8493
2,5497
12,0531
12,3187
12,2079
0,7935
10,5615
1,9497
1,6421
1,6810
1,3458
1,1198
0,7946
69,9661
116,7161
3,1979
4,2064
1,3131
1,0870
0,7707
1,9911
1,1949
0,9369
0,0000
5,8815
1,9850
0,7974
1,3524
0,8228
5,2017
5,2916
0,0000
2,6006
0,7651
1,4703
2,5227
2,0015
3,9379
0,9537
2,4673
0,0000
27,0102
30,3107
78,1296
127,5533
116,1305
0,8650
26,1338
21,8311
15,8508
9,4731
2,0386
16,6207
14,9781
16,1835
2,0655
0,7903
1,0122
3,3072
6,2064
9,5897
16,6743
1,3388
0,7631
0,8320
83,8989
1,0268
0,7679
1,9708
1,1709
1,3159
1,0880
0,7765
1,7244
1,1287
15,7444
15,8578
3,0795
1,0000
1,5790
6,7975
0,9585
0,7370
2,6983
0,0000
3,8631
1,3090
12,6379
0,8750
55,5905
45,2937
13,1728
8,8335
71,8152
71,3228
37,3043
38,4486
1,9501
0,8396
9,2106
2,5151
2,9978
0,8167
6,3527
25,9660
1,8962
2,3589
0,0000
85,9686
118,6040
7,6826
17,5578
43,3333
31,2027
6,7766
20,3448
40,4199
114,3232
49,6947
80,1851
19,3942
5,5895
16,7648
26,3931
55,5632
45,2269
36,4562
4,0226
30,5520
12,5520
74,1105
61,7710
84,1485
41,3165
34,9892
1,7355
0,8750
0,0000
10,1390
96,9686
83,8227
23,4461
0,8750
0,7108
0,0000
20,6074
55,0306
95,6034
34,6074
0,0000
0,0000
0,0000
30,3693
48,4842
48,5396
23,8594
0,8750
0,8750
0,0000
2,1595
0,9928
13,9888
6,8529
0,8750
12,1928
1,3681
0,8830
1,5143
3,4177
0,9128
1,6231
3,5365
2,3819
5,8080
0,8826
3,3402
1,1765
4,3088
3,6617
35,7411
5,6565
4,7359
2,7429
1,6444
27,4072
8,0750
5,3273
27,8874
8,3853
18,7726
2,7367
3,3248
0,8750
0,8750
2,1095
4,0959
13,5630
8,7497
0,7995
0,8750
1,3259
1,5127
1,2171
6,3140
12,9039
1,2921
0,7645
45,6540
19,0402
1,9211
13,6192
5,1181
11,5188
1,9084
0,0000
7,7484
5,8117
14,6254
4,0567
10,0733
1,6222
1,3877
4,1348
5,5713
9,6775
13,8698
2,5627
1,0288
1,1393
4,1963
8,0052
3,0593
3,7137
1,1264
4,4917
0,0000
0,0000
6,7690
6,4074
9,5904
6,0529
0,8750
0,7583
1,7189
3,3133
10,3998
0,7389
1,5799
2,3825
13,2961
1,9605
7,0433
20,7245
2,9038
1,9084
9,3249
59,8617
2,2841
22,1014
46,7978
1,0263
71,0448
1,3723
5,5632
5,0905
26,8697
7,0421
20,0951
21,5592
1,1660
27,6439
32,4126
101,6213
0,7056
31,2908
0,9894
0,7623
23,9231
58,1580
48,4841
3,2835
9,1048
35,0798
16,0472
1,9679
3,6962
118,5581
2,7032
2,9458
2,5269
0,8438
6,3212
7,2939
1,2260
1,2303
3,1435
2,8473
13,9123
24,3665
0,7368
5,8821
1,0281
7,3784
2,8747
3,6950
5,4475
2,5395
2,2945
4,0574
10,8123
19,9599
26,7245
0,9182
1,6536
30,8053
0,8202
2,2118
0,9869
21,1048
0,9255
0,7765
29,7006
2,8068
10,4952
4,1492
3,0894
1,7564
0,9827
1,0281
1,0335
0,8750
3,8115
1,8090
2,2333
1,4720
1,1634
2,2625
6,9242
16,5790
1,4428
0,9792
9,5129
4,6669
1,8302
7,1464
13,9144
12,1398
15,2872
10,6084
11,2267
0,9374
0,7489
11,9478
8,6050
1,0002
2,5724
9,4022
3,8151
0,8244
12,1257
2,6806
10,5958
3,9001
5,0830
8,9225
5,3248
7,0988
6,3437
1,3199
0,7370
7,2849
1,6588
3,7212
7,4288
22,2667
1,0728
0,8198
1,0157
1,0709
20,8684
0,7341
0,7030
9,2043
1,2008
0,7026
1,5200
0,0000
0,7074
3,1150
7,7163
10,0306
26,6834
23,0044
22,6457
1,5754
1,4269
2,0761
5,3859
3,8729
2,4284
0,7104
2,1790
1,7207
1,8131
0,7646
2,1844
0,8759
0,7368
2,3082
6,4554
23,7461
12,7151
2,5333
0,9056
5,3262
23,0885
40,5231
8,2700
3,0058
4,9031
4,6223
0,7054
9,8403
23,3110
2,7459
5,8132
2,6958
16,8255
9,8992
0,7657
11,8277
3,7284
18,2757
9,9776
0,8750
0,0000
0,0000
2,1183
14,6212
9,7613
21,7075
2,2209
1,9535
8,2046
12,3126
34,2826
45,1333
1,5278
1,7230
116,9240
5,0864
1,1820
32,1379
18,2085
20,5479
51,3495
3,7003
46,6475
30,3609
37,1674
5,1917
5,3154
126,8771
110,9646
1,6581
9,0292
15,9524
0,7758
1,0741
1,0793
2,7712
1,1191
6,1332
18,9472
0,0000
1,4574
1,0254
0,7797
0,7407
1,7167
0,7305
1,4161
0,8225
0,8087
6,7636
0,8326
0,8068
2,3894
0,0000
0,9102
3,2483
10,8730
0,8229
1,0966
0,7623
0,8401
1,0647
0,7757
6,7917
6,0408
7,8783
13,6016
0,8750
4,5466
0,8583
1,0448
0,0000
3,2465
0,9148
2,6690
0,7072
5,2831
2,0584
12,3595
16,9568
0,8645
1,1511
1,0581
9,2459
29,6783
3,4313
12,7005
12,6684
4,2699
0,7691
0,8734
1,1509
8,7300
6,7065
1,7048
0,0000
0,9676
0,8750
0,7482
4,0625
0,7524
0,7042
0,7834
0,0000
10,1595
1,9412
2,3480
0,9638
1,5200
7,9753
0,7942
85,0958
0,7462
14,0330
1,6631
47,0254
15,5198
0,0000
0,0000
0,0000
0,8750
0,0000
0,8750
0,8750
0,8750
0,9668
0,0000
0,0000
0,0000
0,0000
0,0000
0,8750
0,0000
0,0000
0,0000
0,8750
0,0000
0,0000
0,8750
0,8750
0,0000
0,8750
0,0000
0,9530
0,0000
0,0000
1,5758
0,0000
1,3420
1,2325
0,0000
2,1189
2,1598
2,8743
2,8738
0,8750
0,8750
1,8563
1,7475
1,3988
0,0000
0,0000
0,0000
0,0000
0,7015
2,8680
0,0000
1,2197
1,6048
1,4902
1,4989
1,9263
0,0000
0,0000
4,1216
2,7943
2,8616
0,8750
0,0000
0,8750
1,6351
1,0568
0,0000
1,6049
4,2409
0,8750
3,8789
1,9621
3,4137
3,3808
3,7366
0,0000
1,9957
0,8750
8,1415
6,9536
7,5651
6,1659
7,2919
1,4015
0,7052
0,8750
0,0000
0,0000
0,9095
1,3726
0,0000
0,0000
1,4478
5,0914
1,6742
6,7035
0,8750
5,2893
5,5544
5,9014
0,0000
1,1759
6,8574
0,8750
0,9264
1,8377
1,7529
0,0000
2,0742
1,0835
4,4328
0,7052
3,8494
3,8291
16,2995
20,9150
17,2387
21,6259
6,1306
2,5907
5,7203
1,6599
1,0702
1,5307
1,9824
0,0000
4,2666
11,4348
3,0095
6,0713
12,6500
0,8817
0,0000
0,8750
3,7887
1,1475
17,0695
5,8628
8,1913
38,3957
39,8060
37,1202
23,4905
0,7186
10,2575
0,0000
3,4424
0,8750
4,2028
22,2698
24,5948
37,0425
9,9808
10,3531
13,9581
73,6099
67,4986
46,8749
17,0172
0,0000
0,0000
0,0000
1,4180
71,4398
17,5289
92,6641
38,4106
121,1528
111,7418
86,2708
40,2371
0,0000
12,2496
66,7628
157,9948
69,0737
68,6893
72,3556
198,3720
195,4249
165,3558
90,5151
103,4953
132,8282
122,0329
244,5052
240,9789
155,2299
161,4285
0,8750
1,1456
0,0000
0,0000
0,0000
0,8750
1,3829
0,8750
1,5081
1,6726
0,0000
1,0392
0,0000
0,0000
0,0000
0,0000
1,1138
0,8750
0,8750
0,0000
0,9544
0,0000
1,7944
1,3457
1,7252
0,0000
0,0000
0,9317
1,0946
0,9889
0,0000
0,0000
1,2542
1,9212
0,0000
0,0000
1,2587
1,0155
0,8299
0,8750
2,1494
1,3840
1,2847
1,4941
1,6491
1,9098
2,1912
2,3413
2,3577
0,0000
0,0000
0,0000
0,0000
0,0000
0,0000
0,0000
0,0000
1,4511
1,9379
2,6904
1,0944
0,9598
2,2332
2,2470
0,0000
0,0000
0,0000
0,8759
0,8605
1,0406
1,2108
0,7768
0,0000
0,0000
1,5032
1,3497
1,6425
1,2501
0,9506
1,0224
1,4192
1,4351
1,8788
1,6388
1,4958
1,2471
1,4388
1,2198
0,8395
2,4864
0,0000
0,0000
0,8750
1,6855
3,0266
3,6816
5,6508
5,7312
3,9366
5,2190
3,3149
0,0000
7,0955
1,1053
1,7119
1,1118
2,4563
1,6859
1,0872
0,7018
0,0000
0,0000
0,8754
0,8750
2,0612
1,6200
3,1444
3,3992
0,7040
1,8456
0,0000
0,8879
0,0000
0,7998
5,5875
7,9805
1,0924
3,5748
5,8222
1,8929
5,4340
2,3810
3,4308
0,7652
0,7032
0,0000
1,3679
0,0000
7,9602
3,5081
0,8750
1,0618
0,0000
0,7741
0,7075
3,1624
0,9206
2,1152
5,2976
10,5497
4,4254
3,0771
3,8450
0,8336
4,3293
1,2841
1,7827
0,7292
1,9221
1,2979
1,3242
0,9054
0,8819
8,3091
3,4011
6,4592
9,7446
0,7649
0,0000
2,7362
4,2867
8,1242
3,8053
5,4593
0,0000
0,7996
1,5798
1,4212
0,7020
0,7019
0,7047
1,0899
0,7027
0,0000
4,8898
5,2598
6,6132
7,7741
8,8034
6,3689
4,0667
3,6390
2,3664
2,5762
0,9133
1,4030
1,0278
3,9152
0,8231
4,5763
0,0000
0,0000
10,7998
8,9970
16,7050
2,3792
5,0190
8,3721
11,6523
11,0781
11,7077
0,0000
7,6823
2,1392
1,5656
2,0855
2,8943
3,4673
0,7036
2,6749
0,8864
4,8728
7,2363
4,7439
5,9423
3,8940
8,5919
12,6687
15,0654
12,0596
19,9415
15,0147
2,4373
5,5088
3,7824
2,5272
1,7498
4,1592
0,0000
0,0000
10,3407
0,0000
0,8356
7,8795
0,0000
5,0502
10,4350
14,8262
0,0000
20,7443
26,1409
24,0603
17,8784
1,0766
3,9032
2,7873
0,0000
6,5943
0,0000
2,1676
11,1247
2,9590
2,2047
6,0903
26,4423
41,2252
6,9943
59,4198
7,8542
6,0296
39,2775
1,4922
2,9708
11,0386
1,4085
5,3671
2,2151
0,8609
0,0000
10,9389
23,6554
8,4375
16,5872
24,8174
30,8275
41,6161
49,7773
37,5751
23,8457
1,2502
0,7995
22,2177
4,8511
46,9389
0,7296
1,2365
8,6244
65,5110
79,3228
2,2444
20,3536
13,5763
16,8713
1,4076
15,3002
15,0694
7,3066
6,7561
8,4258
7,0478
9,3263
11,3130
3,7359
42,2681
52,3413
27,0022
3,7606
106,6839
123,4526
131,1730
136,9939
144,5521
143,9994
4,9232
0,9572
131,9222
20,9362
9,6104
8,3045
46,7045
67,2927
88,0253
117,3174
3,8018
20,2923
180,2998
190,8426
1,7404
221,1399
202,3255
136,9479
197,2189
109,9227
111,4143
3,5333
91,1770
166,2253
58,4980
81,8905
28,0460
0,0000
0,8279
2,6537
2,8071
1,0341
1,0903
0,8750
1,2654
0,0000
1,1045
2,9444
3,1331
0,0000
0,0000
1,0946
2,3850
1,8932
1,4209
0,7555
0,7837
0,0000
0,8733
0,8959
1,2498
0,0000
1,0845
2,0892
0,8520
0,8750
4,6349
0,0000
0,0000
0,0000
1,0012
0,8896
8,8463
11,1889
9,5323
2,6843
0,0000
0,7054
1,3357
2,2312
4,2038
3,0717
2,0181
1,3906
0,7402
0,0000
0,7073
1,1430
0,9149
2,5407
1,5632
6,0632
2,5345
4,7443
7,0611
0,0000
0,7445
0,0000
3,5603
0,8750
16,3974
13,7411
6,4042
0,0000
0,9933
2,4653
1,3235
5,4523
4,9258
3,3874
1,4725
0,8027
0,0000
0,7042
6,4758
0,0000
1,0748
2,4131
2,2561
39,0538
31,6709
147,6394
0,7034
0,7015
0,7317
2,3303
1,3675
1,3273
3,8780
1,7849
0,9404
0,8006
0,7018
0,7290
1,8057
1,8248
2,0490
2,3455
2,5710
2,9071
3,2771
3,4153
2,3795
2,9009
3,7125
0,0000
2,3849
3,2675
1,7151
0,7957
1,4655
0,7969
4,2506
0,0000
0,8714
4,2009
0,0000
0,0000
0,7047
3,6067
2,6053
1,9727
1,4622
0,7947
0,7035
0,0000
0,7197
0,8801
0,8085
0,7930
1,3253
2,1760
1,6657
2,7349
5,0713
5,5084
1,3390
5,1498
6,9179
3,5003
2,2960
1,1335
4,3932
0,9556
0,8996
0,8920
0,8437
0,8529
0,8102
11,2474
0,9064
5,1630
0,7082
8,6044
6,4333
7,5428
5,9747
4,0209
2,9549
1,9151
1,1147
0,9911
1,0379
0,9091
0,9507
1,0012
0,9256
1,0933
0,9530
4,7554
0,8161
8,5345
0,7883
12,6963
15,2976
17,0451
16,0696
10,8755
14,5502
0,7060
1,6205
0,7043
0,7416
2,1317
1,0326
0,8116
1,6513
1,1627
0,7709
21,0069
0,7150
2,8106
5,4229
2,4990
13,4419
9,4976
7,0393
5,8109
4,4394
1,0813
1,9759
2,6698
0,8197
0,7174
4,3147
0,7168
0,7823
10,4277
1,8956
21,3076
1,1381
24,6194
12,9453
32,9179
16,3961
12,2003
18,8540
12,3175
4,5347
0,8448
0,8755
0,7882
1,4794
1,5838
0,7406
1,1115
1,4429
20,3270
34,7566
4,3457
10,5013
31,8972
17,3768
18,9055
6,2813
3,4886
0,8238
2,8991
3,8524
2,7776
5,3383
5,7286
3,6713
5,6344
4,2527
4,6290
5,1955
18,2946
12,1490
2,1338
1,7304
17,2895
0,9934
38,2840
21,7805
31,5179
70,1416
3,9082
10,2709
0,7634
1,2031
3,1350
2,9164
3,0280
1,1661
1,9791
2,4669
25,2044
2,0373
74,0134
61,2697
51,9376
36,5418
21,3915
1,8088
26,4381
10,1671
5,3055
8,3753
5,8146
7,5995
3,0736
3,6490
2,3475
1,6574
2,9135
0,7868
16,1527
5,9878
32,4609
11,8932
17,1888
48,4341
26,2282
38,0842
34,0924
58,0742
20,6385
0,8930
0,8721
1,3500
0,8158
0,7802
5,6327
2,2746
2,3881
5,9821
45,9479
20,9934
4,0546
90,0761
26,2525
62,8665
38,2077
0,8443
14,5444
6,5809
10,6760
16,2978
0,0000
0,0000
10,1605
0,7808
47,3567
7,2935
1,7543
80,7954
21,1137
70,2186
1,1184
87,4941
106,2941
22,5168
29,2504
11,9746
64,8051
1,2020
4,3380
11,3832
12,8469
82,8517
48,9907
96,4606
78,9769
86,1133
91,0718
64,9034
8,1640
5,9957
20,9051
32,1676
13,3324
7,1130
23,3734
9,7093
89,0316
104,3380
137,8980
198,7957
205,1310
238,7809
8,1667
49,3001
175,0890
64,1366
58,9242
55,8055
47,7436
40,3465
81,2550
36,8683
15,1810
72,9798
122,7665
208,9414
50,8597
66,2638
0,0000
0,7500
0,7039
1,5430
0,0000
12,9079
10,9231
10,4458
15,6573
0,7770
49,4602
2,7118
78,3650
2,6448
68,4583
91,6692
94,4753
69,6964
151,1320
103,4720
0,9910
0,9093
1,0084
0,7648
3,7967
7,4186
1,1731
2,0429
3,1794
7,0144
5,1303
1,5030
1,3962
0,7548
0,9010
0,7078
0,7636
2,4979
3,4778
3,5732
6,2872
0,9185
6,6695
11,3989
0,7415
0,7376
2,5448
9,4794
0,7755
0,7971
2,1339
1,0141
0,7030
0,7088
0,8474
0,8543
0,9478
0,7114
13,0781
13,6265
13,8744
12,0131
10,1935
8,6478
7,4108
5,0182
3,0404
1,4817
2,2954
1,9831
1,0135
1,6861
1,6484
0,0000
1,0433
7,6494
8,2327
1,4617
13,7146
1,4663
1,7873
0,7747
1,2690
0,9463
13,9689
30,1173
1,5260
0,8219
7,4174
1,6055
1,7662
1,6517
0,8399
1,6725
0,8982
1,2178
29,3328
24,7085
32,9371
30,5281
22,1140
18,0246
15,4037
8,4344
6,0443
3,2753
1,0842
3,5184
3,4199
5,8859
0,9885
1,3828
1,0992
3,6111
4,2244
32,4055
32,3728
17,7604
24,2558
57,2450
35,3446
4,6058
29,8580
0,8336
3,7200
1,6755
2,4267
1,3417
5,3348
3,0689
3,0132
2,2874
1,2490
1,0032
49,4741
56,5145
4,3264
1,5623
34,5821
22,0018
4,7885
19,9668
8,3593
1,6781
2,4345
6,8335
5,4082
3,0176
3,4306
2,3402
1,1260
1,3691
22,6917
29,9543
6,3293
44,9301
1,4071
24,2896
32,5497
3,0558
1,4994
53,9817
17,4274
31,2671
1,2112
0,7877
0,7741
20,0446
4,4212
5,8419
1,1365
2,4293
3,8772
5,2393
22,1771
91,5492
83,8769
5,7590
63,7666
83,5603
49,6170
30,2485
7,1414
1,8756
6,2553
4,1331
1,0885
7,0866
7,8240
12,4047
8,4335
0,9146
7,5397
1,3147
11,1548
9,7287
16,1352
27,6611
1,8224
33,6597
40,8294
47,4973
82,7892
68,8705
2,6775
1,2617
0,8195
0,8128
1,7275
5,6427
0,8143
4,5866
9,8359
12,1327
40,2818
9,8167
1,1757
126,5485
2,2756
33,3391
15,2781
2,3778
1,4402
6,2082
10,9710
0,8775
2,8626
1,3025
0,7557
38,9032
0,0000
23,9786
3,9668
1,6178
45,5316
13,2333
17,9802
1,2512
43,5208
107,1799
91,7019
107,7353
0,8359
154,3661
100,1990
43,9738
18,2840
11,6795
8,6749
3,0619
0,9314
73,0211
47,8237
205,9049
179,7775
162,0013
136,3740
114,7413
3,7004
6,4159
30,1969
56,5625
139,2609
129,6990
140,8006
0,0000
155,9991
1,4362
0,9333
1,0036
0,0000
3,6505
32,3298
43,4185
1,3534
47,0833
58,6375
45,7889
13,5581
100,2301
106,1275
114,6910
93,9844
10,0572
22,4026
94,2724
0,8979
225,5731
187,7071
167,5436
133,5436
2,1873
13,3113
95,3240
0,9616
2,0305
0,8979
4,4831
1,4833
1,2283
1,1533
1,1065
5,4274
0,7599
7,2557
2,6932
1,2812
0,8206
1,1024
1,6854
3,6809
8,7761
8,3560
14,8275
18,0924
17,7505
2,2091
1,0377
1,5315
1,1587
1,1124
18,0044
13,5526
8,8992
7,0447
2,3067
2,9913
3,5100
3,3098
3,1186
3,7397
3,2648
2,5553
2,3424
2,4994
5,2367
46,6765
1,4543
1,0629
1,7113
7,5932
2,8603
2,9351
2,9112
2,7767
1,2136
1,6452
0,7583
0,7714
29,4163
23,4505
40,8281
42,8141
31,7021
27,8939
17,6089
10,4508
0,7634
3,4927
7,4619
1,7160
2,2437
14,4548
8,1718
6,9455
5,7768
4,3511
44,2244
49,6975
9,6532
3,1796
15,1311
5,7363
9,6381
10,7597
7,6446
6,1004
0,8732
2,8200
1,5869
0,9512
61,9116
58,9508
0,8226
34,1558
19,1974
0,8474
17,6679
9,9581
9,5780
0,7841
16,2878
3,8926
5,3632
6,8548
9,2163
12,0369
14,0335
15,4692
20,0067
8,1182
8,9682
2,1807
6,0474
52,1245
74,4656
63,1479
70,0246
46,3985
4,8691
0,8090
24,5397
29,3573
13,7926
8,2156
2,9916
1,7780
9,8113
8,7061
7,0538
18,4169
107,8232
0,8066
0,8750
67,0487
19,9689
21,7652
33,2194
40,8293
34,9902
2,0016
8,4897
11,0560
13,3180
19,0158
25,3842
28,8466
6,8034
40,5548
30,8357
13,5651
12,0382
26,9444
41,6672
21,4721
67,9840
76,9213
81,5550
134,1885
45,7305
49,3470
26,3541
1,1408
2,3222
7,0147
3,5137
5,6382
8,2030
2,8910
4,0932
66,5838
8,7985
139,4340
192,7885
113,9910
136,5646
99,4459
48,3865
2,6232
0,7546
8,3495
51,2977
0,9204
0,7048
1,2073
1,9393
6,9200
18,9419
15,1352
33,9190
36,1893
0,0000
26,0498
2,2047
32,0745
30,4095
129,5680
46,7218
47,6298
108,5486
29,6537
8,6738
1,4642
186,9022
137,4004
118,2750
44,3235
1,4016
56,7364
146,5568
0,7334
0,0000
1,1727
8,7686
11,7448
14,9005
4,2866
0,8602
0,9023
16,0089
11,5683
3,8569
2,6561
1,2891
0,8390
2,4583
0,9828
14,7232
18,4796
6,2477
28,7054
13,6892
0,8784
1,9704
1,3716
0,7059
1,6959
23,4061
6,7431
14,1858
13,9040
4,2792
8,1792
1,0730
5,7062
5,5503
3,8047
5,3485
5,2694
17,3338
2,2017
27,0355
34,3407
1,2445
1,6271
4,1194
1,2685
1,0062
19,2546
6,8409
6,6047
1,8204
3,9245
4,3340
36,1498
4,8144
7,9586
1,3998
15,4419
17,6533
12,3080
13,9268
21,6928
22,7166
14,8251
1,8619
3,4279
7,1636
11,1253
12,3477
11,1466
9,3708
5,7530
14,6440
2,8519
14,4916
8,4444
17,0985
1,9920
19,2571
14,2870
7,7638
16,8440
2,9865
10,4400
5,3137
0,7832
5,7335
6,3323
9,8313
1,0505
0,9243
13,4245
0,8836
27,4345
25,7971
2,9559
7,0430
8,7313
14,3527
19,3631
22,1970
30,3715
32,7897
1,4069
36,8431
24,7237
1,1343
7,0919
56,7124
73,1508
85,9195
97,2018
112,3319
123,5670
1,5468
47,2998
19,1254
3,1186
2,5636
36,9907
1,1149
17,8407
2,3839
25,5227
0,8071
2,0526
1,1553
2,5261
0,8768
0,8365
31,4742
0,8143
0,7762
0,9688
19,6803
23,5238
2,7825
0,9177
7,0457
1,1372
10,3117
35,3705
0,7653
23,0835
47,1125
47,2902
86,5659
26,6426
18,2366
59,3070
35,4880
47,8660
102,0071
221,7592
3,6515
1,0491
33,8516
60,0904
1,9488
0,7920
0,7393
0,9118
22,3064
1,4493
1,3907
1,9124
0,9049
9,6518
7,1049
5,7942
3,0436
3,0276
3,3717
2,3363
1,9999
1,7135
1,3578
5,6431
14,3934
13,5032
3,2152
5,2324
5,1162
2,1121
2,5397
16,5741
0,9996
1,0113
7,2640
1,0875
2,1087
3,5803
2,9730
8,0421
6,4790
10,8791
10,3369
8,1630
5,7616
16,5991
0,9924
2,2732
4,8586
17,8788
7,0396
10,4506
10,8444
2,0918
17,2159
2,8057
2,5400
10,0073
2,1759
39,4072
6,5387
34,4986
1,7336
1,6989
15,8199
0,8377
20,1273
26,3772
1,8835
5,0382
11,8823
24,3996
28,6189
30,3887
20,0666
10,5776
6,6788
2,6387
84,7320
17,4005
3,9328
20,6823
4,7156
2,5253
4,3661
26,9676
21,0379
30,3536
3,6067
0,8267
3,0320
2,5156
1,9971
1,7316
1,5567
1,4418
2,1610
13,0952
28,5816
19,0542
82,7686
2,8233
1,4170
8,0805
2,8466
15,6341
53,6291
73,9755
30,4709
18,9157
5,5904
1,5335
1,5329
1,2522
0,7389
11,5219
1,4671
1,9164
0,7370
6,2730
5,3648
4,3734
2,2492
1,8544
1,0137
4,4361
2,9420
4,9415
2,1233
30,3020
0,8028
19,7568
7,3779
2,4892
15,7009
2,1253
0,9840
3,9716
11,1439
3,3137
9,7453
11,7536
29,1058
6,4902
16,1625
26,2355
26,6242
23,9135
27,2917
16,5315
10,6281
3,2270
69,0450
5,9618
30,8001
3,8597
0,7897
5,3169
1,8122
6,7148
34,1537
18,1156
1,1981
43,2081
1,4669
2,1149
3,1700
3,3811
2,6020
5,7632
3,0271
45,4232
1,2444
11,9246
2,5164
0,8478
1,0556
2,3138
2,3454
4,6748
2,0440
7,7616
3,3717
14,3002
0,7373
16,7079
5,3294
3,8751
4,1103
4,7716
13,2363
27,7291
12,0669
1,1191
22,8211
15,9836
5,4974
6,7240
33,3214
9,7591
3,8337
23,5896
12,8666
25,4882
4,7269
6,5599
11,9296
13,8450
18,4259
151,3476
22,4913
3,0556
12,3502
5,0614
28,8128
2,6222
28,1079
9,4647
7,6708
2,5438
28,7564
28,8882
5,8713
35,8149
183,5420
61,5106
4,2218
18,2801
12,5473
15,7062
8,0861
0,0000
34,8068
54,1920
76,8425
11,9224
4,1826
42,2808
61,3926
13,2983
33,4181
21,7935
1,0456
0,7395
5,9438
4,3360
6,3236
3,6733
28,3799
26,6025
10,2481
14,0337
25,4626
1,9924
3,9148
7,8863
3,1945
7,9985
20,4070
35,4641
5,5088
41,7352
14,9520
15,3796
10,6368
7,6503
3,3197
1,8255
7,3169
1,4298
2,0535
2,4446
1,4680
2,7150
2,7425
1,9812
3,2580
8,8786
6,9013
2,5153
1,0266
4,2114
0,7466
0,8137
1,2181
9,8526
18,2033
0,7482
0,7411
3,9049
1,5329
6,0156
0,7836
13,4900
7,9095
9,0268
6,5315
5,0543
4,0167
4,5593
5,2132
15,4265
2,8161
35,5458
1,3666
14,6828
4,5224
0,7698
0,9801
0,8046
8,3334
5,4510
4,0564
5,5943
33,6330
26,2323
1,6294
1,2770
0,7906
67,7720
36,2696
121,8103
88,4509
43,1838
12,3102
124,2765
67,8317
15,0106
73,0664
153,2521
17,6283
14,5881
95,1725
22,4657
3,8191
12,1515
26,0785
36,3314
19,3534
15,0889
13,6239
53,2769
2,7881
14,8047
12,0832
12,1342
6,2424
5,2247
9,2101
1,1181
0,7964
0,9636
4,0839
0,9987
5,0210
2,4623
2,4119
8,0808
2,3967
3,8081
4,5748
2,6260
0,8821
1,0628
4,5284
3,9693
2,2903
6,5723
10,0500
14,7928
12,6955
0,9805
1,3832
41,4756
32,9731
36,9643
0,7901
1,2349
28,2860
41,1990
28,6629
0,8763
28,5182
22,3922
33,5308
7,4424
11,8699
18,5410
11,4444
4,0768
5,8137
19,5927
2,1715
5,3166
27,3325
26,5730
7,6707
10,6399
14,6482
1,4233
18,7597
0,8694
11,4991
16,4248
10,5818
5,3302
20,4994
26,8002
4,1968
13,6150
13,7770
5,4517
1,7262
2,8629
1,0861
1,9000
0,8174
7,1101
7,7126
1,0624
12,7404
1,3249
2,0126
0,7135
10,5762
2,6895
1,1309
6,4173
2,1968
0,8671
16,6829
1,0275
0,8229
0,7302
4,5050
2,8933
8,7290
6,8616
3,1349
2,2238
0,8798
1,2421
1,1517
2,1155
6,1953
3,0293
1,7766
1,5436
2,1715
0,7634
33,2928
13,3398
8,8083
7,6582
1,4143
0,0000
0,0000
73,9221
39,7211
8,9620
5,7470
2,5379
5,3424
1,2888
141,0264
34,3991
11,6496
1,4267
0,7023
0,8750
0,7590
12,3047
4,8071
11,8040
1,5273
0,0000
0,7690
1,0590
0,7941
20,6670
6,0066
3,8327
16,7761
3,1045
0,0000
1,3931
0,8750
0,0000
7,9818
8,1838
25,2274
39,5727
21,5478
17,1289
5,3972
58,8022
150,5338
152,5820
114,0975
0,8750
1,2797
1,4250
0,0000
0,0000
1,1674
14,5817
0,9865
5,8656
2,4441
0,8727
0,0000
2,8717
22,6841
27,5925
42,9203
24,4790
3,4064
0,7519
0,0000
1,0209
0,7120
7,9199
4,0526
7,2620
0,0000
6,3426
21,4243
10,2179
9,2958
14,3110
18,9668
0,0000
37,7818
54,7710
23,9078
0,0000
0,0000
28,3074
8,7334
9,9654
0,0000
4,0014
4,2478
0,0000
2,6512
3,3090
10,1347
2,7248
16,8533
23,2426
2,6181
6,2121
9,4733
3,8526
5,0706
0,7975
2,9656
3,4919
6,2139
1,2726
2,9659
0,7025
0,9971
1,5034
1,1199
0,8104
0,7019
1,0747
1,0436
0,7487
0,9685
2,1903
1,1928
0,8509
3,0029
8,5831
2,7328
2,4803
4,3539
0,0000
4,6268
1,0506
0,0000
3,3999
0,7018
0,0000
0,7525
4,1467
2,2219
3,6321
2,8875
0,9711
7,1998
2,7368
0,7133
14,9693
6,5626
33,3551
3,5124
13,8950
14,0729
9,5444
8,3549
8,5840
11,1276
4,8998
0,7064
1,4193
8,7007
22,7038
0,9977
49,4969
24,1735
37,2427
4,4446
79,4523
7,2385
6,5707
37,1621
9,5234
54,0927
7,1346
6,0062
60,0546
41,5193
3,8059
31,1237
12,6799
0,0000
4,9857
6,8533
8,1541
18,9500
6,7508
1,4858
1,9491
15,9359
4,3440
3,7913
0,7112
4,9975
4,3743
4,0338
0,8327
1,2153
1,1997
1,0554
0,8369
1,5654
1,0371
0,7252
2,5212
0,9547
0,8096
0,9869
1,0394
1,0349
0,8591
0,8887
0,9147
1,1259
0,7155
6,0226
5,5498
0,7338
6,1875
12,8511
6,6839
11,7327
10,5155
0,8338
0,0000
0,9186
8,9395
1,1431
4,5468
7,9265
17,9839
11,3800
3,8720
15,3576
14,0205
9,3621
12,4185
16,3069
12,8761
8,6724
3,7987
11,3631
12,1534
2,4748
4,1295
2,8866
1,0241
11,6514
0,9332
1,8076
2,1778
0,7046
5,2737
5,9455
4,8533
3,6747
3,7441
0,7054
3,4328
2,7314
4,7745
4,4346
3,2526
0,7372
9,1019
9,3711
0,9435
2,0175
1,1540
1,9215
1,1340
21,2945
10,8379
1,7037
0,9604
0,8185
4,8456
0,9993
0,7230
1,2397
0,8177
1,6238
7,4611
1,9572
0,8750
17,8020
4,7391
2,7727
11,8246
1,5819
0,9628
4,0438
13,9742
9,0445
3,2243
1,6458
0,8312
4,7027
2,0509
0,7088
1,2020
1,5634
0,7799
0,7097
0,9736
1,0454
4,8325
0,0000
0,0000
0,0000
18,1185
0,0000
11,3505
92,0998
15,6391
46,8439
9,6055
9,1856
5,9426
1,6355
3,0485
4,2198
4,5232
0,9768
0,7791
0,0000
2,7694
1,1709
0,9365
0,7698
1,0204
2,6708
0,9680
3,3304
4,7884
0,9265
0,9288
0,8750
0,8750
3,4088
8,3227
14,5143
5,4571
6,1319
1,8692
1,0684
0,7092
8,5671
1,4814
10,2602
2,8093
1,2891
11,8007
0,0000
0,8750
11,1181
2,7821
1,2682
2,1146
2,4646
2,2385
15,7710
12,1736
5,6311
1,9339
0,7015
0,9124
27,2477
0,0000
12,3207
1,6639
7,0986
2,2169
1,1717
4,4774
4,3825
7,3852
10,5779
16,8272
0,7537
1,3912
0,7038
0,0000
0,0000
0,0000
2,4949
1,8959
12,3418
14,8931
0,0000
1,8634
3,8702
0,0000
0,0000
17,4418
8,9660
5,0661
3,4642
0,0000
1,0128
0,8750
0,8750
1,1212
0,8750
1,3876
3,2138
0,0000
0,8328
2,5706
1,6910
0,8750
1,2421
0,0000
1,9798
1,3979
1,3565
2,0103
2,5703
1,8735
0,0000
1,4311
0,8586
3,1990
0,9068
8,3171
8,7966
0,8750
0,8154
0,0000
6,5151
8,8658
3,2355
4,9593
0,0000
0,7015
0,8487
1,4784
0,0000
1,4281
1,8354
0,0000
1,7210
1,0596
1,8100
1,4689
0,0000
0,7015
0,8750
3,1818
1,5653
3,3266
0,8750
4,3663
1,1071
10,4643
5,0227
5,1348
1,3300
1,9013
4,0303
2,3547
0,0000
2,1052
1,5961
0,8750
3,7911
6,2723
1,2282
0,9750
2,6239
2,6079
12,0447
1,0636
1,7143
3,4691
3,9298
4,3039
0,0000
3,0535
3,2948
3,1399
7,3656
1,3381
8,4306
0,0000
1,1781
0,8663
1,7387
7,8461
2,2799
3,7923
0,0000
1,2552
0,7018
2,5651
0,7946
0,7025
1,4045
1,2084
1,0928
1,2827
4,3804
0,8551
0,7968
6,2424
0,8211
1,0164
0,0000
0,8641
5,4022
0,8339
0,8333
0,0000
3,2843
2,6531
0,7172
0,8750
1,0336
1,2252
2,3317
3,8027
2,8564
2,9028
8,2445
0,8164
4,1775
3,8408
12,4854
0,0000
5,0499
0,7056
9,9775
2,4294
1,9777
1,5620
5,2001
1,3936
5,1962
5,0124
1,8588
1,1532
4,1089
9,6687
4,8888
1,6912
4,8902
3,0364
0,9040
0,7477
1,0819
0,9382
0,7839
1,6886
1,9060
0,7015
0,7024
3,1016
2,4646
2,4515
0,9005
0,0000
1,6516
8,5377
3,4181
1,0949
1,9740
2,5697
11,8019
12,3653
12,2006
3,5402
3,5208
5,1583
1,6459
4,0196
5,8270
9,9824
0,0000
1,3486
0,0000
1,0323
0,0000
0,0000
0,0000
0,0000
2,9571
4,2485
0,8750
3,6160
1,0036
0,0000
2,4167
1,3939
0,0000
0,0000
0,0000
0,0000
1,3966
0,8750
0,8796
1,4956
1,0397
2,7106
0,8742
0,8750
0,0000
0,0000
0,8750
0,9246
1,9628
0,9252
1,0790
0,0000
0,0000
0,0000
0,8750
0,8750
0,8750
0,8750
0,8750
0,7018
1,4146
1,6643
1,4341
1,1031
0,9420
1,7922
1,0770
1,2651
2,5756
0,9477
1,9053
0,8750
1,8519
0,8750
1,1635
1,0832
0,0000
2,0390
0,0000
0,0000
0,8595
0,9450
0,0000
0,0000
0,0000
1,0591
0,8649
1,6252
0,8773
1,0250
1,2795
0,0000
1,0321
0,7971
1,1555
1,4902
0,0000
0,0000
0,0000
0,7023
0,9187
1,9351
0,0000
0,0000
0,0000
0,0000
1,1861
0,7668
1,0294
1,4640
1,0630
1,0516
0,8750
3,3154
3,4678
0,0000
0,0000
0,0000
6,3424
0,8750
4,4686
0,8750
0,8750
2,0927
2,2451
1,5525
1,4149
0,8750
0,8750
0,8750
1,0483
2,0010
2,8969
0,8510
0,0000
0,0000
4,4930
0,0000
0,0000
0,0000
0,0000
2,1531
1,1907
1,2604
0,8750
0,8738
1,0242
1,3215
1,2817
0,9856
0,8051
1,2407
0,0000
0,7019
0,8407
0,0000
0,0000
0,8876
0,8448
0,8750
0,9547
0,7019
0,7776
1,6567
0,7021
0,8750
0,0000
6,1219
4,7991
2,1059
9,8121
10,8577
6,5971
4,5265
15,9796
0,7369
1,4614
10,2528
2,6134
0,8259
5,6958
0,9048
0,0000