0,0000
0,0000
214,8998
197,9725
77,0474
0,0000
0,0000
9,0832
231,1694
228,0026
0,0000
1,9270
0,8750
3,1352
11,3206
96,8658
0,0000
0,0000
0,0000
0,0000
1,6770
0,0000
1,6612
0,0000
1,3292
132,2214
23,3150
98,9121
42,0318
72,8789
0,0000
0,0000
12,6419
0,8750
203,6262
209,5723
72,5739
0,0000
0,0000
0,0000
0,0000
0,0000
30,6417
31,4034
45,2718
50,0398
0,7608
0,7508
0,0000
0,0000
16,3082
0,8286
189,8327
208,8918
72,2987
5,2141
0,0000
0,0000
76,8187
58,4346
61,1348
43,3843
0,8898
0,0000
0,0000
0,0000
0,0000
232,8479
77,7197
227,9627
47,0778
91,1860
125,3625
0,0000
0,0000
77,3704
92,2768
103,8974
57,3499
0,0000
153,2162
37,3434
0,0000
51,5411
119,6749
106,7600
24,1023
53,7503
25,4907
10,7378
2,5965
118,8016
43,0176
0,0000
41,5607
72,8619
22,9300
53,4824
0,0000
5,5703
131,5460
0,0000
0,0000
0,0000
0,0000
0,0000
0,0000
3,6386
0,0000
0,0000
45,9860
0,0000
1,4283
24,5991
0,0000
0,0000
61,2221
8,4270
67,7157
58,2885
0,0000
0,0000
0,0000
0,0000
0,0000
0,0000
0,0000
74,5751
0,7515
32,1735
18,5718
0,8700
0,0000
0,0000
0,0000
9,4273
14,2222
14,6955
0,9159
2,5114
4,8469
8,2333
9,3157
9,5276
12,7626
6,6858
2,3697
2,5094
0,0000
6,4303
0,0000
1,0822
0,0000
0,0000
77,6007
0,0000
1,8321
0,0000
0,0000
0,0000
0,0000
29,0734
0,0000
1,5318
2,0411
0,0000
0,0000
28,8575
0,0000
0,0000
0,0000
0,0000
0,0000
0,7870
0,0000
5,4863
0,0000
0,0000
0,7369
1,8749
3,0972
3,5027
4,9248
6,1166
8,7549
0,0000
0,0000
0,7831
0,0000
0,0000
0,8886
2,0653
4,5136
0,0000
0,0000
0,8750
1,3882
0,0000
0,0000
0,7878
0,0000
0,0000
0,7560
1,4020
1,4003
4,3523
6,1733
0,8750
0,0000
0,0000
14,4487
0,0000
1,2262
10,6777
3,6434
5,2617
6,0213
4,2392
6,8879
6,4972
4,6315
1,4058
0,8519
1,2119
1,7716
1,4476
14,5142
2,3443
7,5864
0,0000
2,5063
2,2586
2,2793
2,4978
2,3939
12,2061
0,0000
0,8750
1,6899
0,0000
0,0000
0,0000
0,0000
0,0000
0,0000
1,0321
2,1226
8,0334
0,0000
13,6190
3,4063
0,0000
0,9371
5,7612
0,0000
0,0000
0,0000
0,0000
0,0000
0,0000
0,8021
0,9346
1,5998
0,0000
2,5826
0,0000
12,1602
3,4730
7,1348
3,3340
7,9804
4,0172
7,0585
22,1676
0,0000
0,0000
18,6373
5,9096
7,8926
9,2659
11,4443
14,3684
0,0000
3,4159
0,0000
0,0000
0,0000
0,0000
0,0000
0,0000
0,0000
9,2253
0,0000
2,9862
6,4240
0,0000
1,5864
0,9652
0,7751
53,3445
0,0000
0,8750
11,6659
1,1965
62,0903
117,7335
4,9341
49,8895
0,0000
3,0620
5,0323
6,5401
3,3257
7,8573
9,1455
1,7178
0,8750
1,3894
0,0000
35,2778
3,6044
1,9799
0,0000
0,8619
111,3180
81,9526
8,7933
2,9848
206,6568
0,0000
0,0000
4,1946
2,8410
1,4704
0,0000
0,0000
0,7712
2,3003
220,5427
1,0183
0,8750
1,0827
184,0840
36,7207
0,8494
27,7905
12,5503
0,8318
78,0809
100,4744
18,6259
20,1160
0,0000
0,0000
20,9674
0,0000
25,3383
41,6436
83,4621
0,0000
20,3770
38,8047
48,9437
56,8166
16,8936
35,8758
1,7841
0,0000
0,0000
0,0000
10,9511
16,7069
18,1056
0,0000
0,0000
2,7798
3,7804
1,1932
0,8325
6,1738
1,0100
4,1655
0,0000
0,0000
0,0000
0,0000
0,0000
0,7489
1,2545
2,9776
4,2449
0,7368
0,0000
0,0000
0,0000
0,0000
0,0000
1,4564
0,0000
6,4067
0,0000
1,2911
0,0000
12,0299
23,2035
2,4096
0,0000
34,9472
0,0000
0,0000
0,0000
0,0000
0,0000
0,0000
0,0000
0,0000
42,2454
0,0000
0,0000
0,0000
0,0000
0,0000
4,4167
22,2510
2,9326
10,1584
0,8750
2,4817
13,2981
13,1381
0,0000
12,0082
8,8797
1,2499
0,0000
1,6077
0,0000
2,4854
7,1291
0,0000
0,0000
1,3166
6,3003
4,2561
1,6285
5,0551
9,9587
26,2771
23,2445
0,7626
1,3108
0,0000
4,1926
5,5764
1,1205
0,0000
0,0000
0,0000
15,7741
0,0000
14,0322
2,3954
11,6664
23,0172
20,6819
15,3034
9,4946
1,0558
22,0358
3,3777
79,2263
5,7354
20,5332
0,8750
0,8750
0,8750
1,5048
7,3751
16,7690
23,4195
28,8615
100,2807
184,3065
2,6158
71,2396
53,0068
0,0000
1,3196
97,4512
1,1396
2,0917
115,8052
37,3134
4,0108
120,4154
1,0504
1,0963
2,4104
0,8750
153,8415
111,1669
81,8778
2,4523
0,0000
158,3360
151,0277
171,6979
6,8231
8,6418
2,7717
0,0000
0,0000
126,9744
190,8751
1,4869
163,7904
14,8250
210,9765
0,0000
0,0000
0,0000
0,0000
0,0000
6,5019
1,9069
0,0000
0,0000
0,0000
10,6902
18,0870
17,0996
0,0000
0,0000
0,0000
0,0000
9,0318
9,0473
6,9957
0,8187
0,0000
2,9856
1,5755
1,7276
2,4584
10,1371
0,0000
0,8334
0,0000
4,1476
2,4098
11,5442
1,1663
0,0000
3,8820
0,0000
0,8795
2,0229
1,7254
1,4173
0,8727
1,0433
1,4474
2,0755
1,0889
1,4025
1,0503
35,7918
172,5706
102,9163
61,7782
141,3390
41,5410
23,7408
0,0000
0,0000
0,0000
20,7317
0,0000
21,9435
0,0000
62,7596
177,9182
177,1404
0,0000
0,0000
0,0000
0,0000
152,9355
103,4108
85,2165
57,3810
217,2015
0,0000
0,0000
0,0000
70,3881
0,0000
41,6415
0,0000
16,5703
0,0000
31,2802
63,4365
143,5306
36,1897
39,4621
16,6688
0,0000
19,1478
0,0000
11,7478
4,9850
0,0000
0,0000
5,6744
35,8195
190,2992
191,6515
27,0294
23,5562
15,6934
10,6388
78,2948
170,3800
0,0000
0,0000
2,0694
0,0000
2,3791
6,1820
0,7629
0,0000
0,0000
0,0000
0,0000
0,9113
10,5735
1,5392
12,1180
1,1614
10,0906
0,0000
0,0000
0,0000
0,0000
1,0696
0,0000
1,4725
1,1463
9,7017
16,6907
20,8706
0,0000
0,9504
0,0000
0,0000
0,7554
1,0857
12,7172
10,6009
0,0000
0,0000
1,1057
0,9962
0,7390
2,6011
0,9133
2,2629
0,7560
0,0000
1,4911
0,0000
2,1249
0,0000
1,7877
0,8364
0,8750
0,0000
2,9551
27,9792
9,8575
0,0000
0,0000
7,2412
1,2903
27,1608
20,2328
14,3760
2,6788
3,4763
0,0000
0,8750
11,8467
17,1922
56,4084
2,0292
6,8746
1,6287
0,0000
1,8514
0,0000
0,9971
0,0000
0,8750
10,8060
6,4457
25,5920
13,0324
4,7365
10,2562
19,3858
2,4295
5,9948
4,4160
0,0000
4,1726
2,7768
0,0000
4,2962
0,0000
0,0000
3,0127
0,0000
1,5304
2,7975
29,0288
2,8712
9,4126
5,2793
28,7908
0,0000
0,7766
0,0000
10,3620
0,0000
0,8290
2,7733
1,3232
0,0000
4,6965
41,2549
3,2322
9,6659
0,9798
7,2854
0,8857
4,5523
0,0000
2,9143
1,0100
3,0644
0,0000
4,8119
12,2473
3,7099
1,1673
0,0000
0,0000
0,0000
1,0783
68,9642
35,1111
104,6756
53,1225
32,7727
0,7586
97,3871
0,7728
0,7686
2,7585
0,0000
0,0000
2,4725
0,0000
0,0000
2,3994
0,0000
0,0000
4,5121
0,0000
0,0000
68,7924
50,1096
148,2720
55,1994
12,1442
28,7572
9,0533
0,0000
8,5615
0,0000
10,0185
0,0000
0,0000
0,0000
0,0000
0,0000
0,0000
29,0390
37,4238
58,8436
0,0000
0,0000
0,0000
24,4599
39,9288
110,4941
238,7413
0,0000
0,0000
0,0000
0,0000
46,2011
84,0200
220,6458
0,8750
0,0000
4,3655
0,0000
11,5568
5,1100
4,6148
0,0000
0,0000
0,0000
0,0000
0,0000
0,0000
1,3253
0,0000
0,0000
0,0000
0,8179
0,0000
2,7251
4,0845
0,0000
0,8323
2,0635
4,2738
5,6798
0,0000
0,0000
1,8295
7,2745
4,7482
0,0000
0,0000
0,0000
4,0326
0,0000
0,0000
1,4808
2,2588
0,0000
0,7859
0,7522
0,0000
0,8750
0,9724
3,7509
7,6722
9,4607
11,1605
0,0000
0,9249
0,8527
0,0000
5,4583
5,1977
1,0240
0,0000
0,0000
0,0000
0,0000
11,9594
20,1478
26,6366
0,0000
0,0000
0,0000
0,0000
47,4928
60,4034
4,2474
7,7105
0,0000
0,0000
107,4357
0,0000
0,0000
0,0000
35,1759
45,0605
74,4230
153,6834
0,0000
0,0000
28,7363
27,6909
51,6738
90,9994
192,0960
3,2372
0,0000
0,0000
38,2995
79,7892
72,1284
6,0252
2,0760
104,8873
0,0000
0,0000
33,4081
103,3425
46,9828
9,9168
0,0000
151,5822
0,0000
31,8690
51,7219
0,8682
0,0000
0,0000
60,0735
68,9448
5,7826
2,1367
2,7318
0,0000
19,5792
15,5833
21,3550
17,0250
0,8355
1,7070
2,4022
0,0000
0,0000
0,0000
0,0000
9,3105
5,1842
0,9640
0,9251
1,6137
2,5138
0,0000
0,7826
0,0000
0,0000
0,0000
0,0000
4,1802
40,0039
0,0000
0,0000
0,0000
15,6832
3,8052
0,0000
0,0000
0,0000
0,0000
1,4937
3,6109
3,5933
0,8750
0,0000
0,8530
21,3120
19,5174
2,1335
1,1182
2,8868
0,0000
42,3404
6,6182
51,5336
0,0000
2,6284
0,0000
47,7322
0,9492
7,9492
32,2657
0,0000
0,0000
0,0000
0,0000
0,0000
15,9320
14,8872
0,0000
0,0000
0,0000
19,4876
34,3201
49,3463
77,4339
0,0000
0,0000
36,9696
75,9718
139,1802
3,0044
39,6460
0,0000
31,0031
28,2295
0,0000
0,7820
28,3313
66,4973
0,0000
0,0000
0,0000
0,0000
0,7425
1,1083
2,6308
0,0000
0,0000
0,0000
0,0000
0,0000
0,0000
3,3982
0,0000
0,7817
1,9082
3,8312
8,0447
3,4908
1,9897
4,8578
115,6818
0,9082
1,2910
51,3944
14,0860
49,5338
17,6378
26,0927
124,6377
86,4062
25,8305
0,0000
114,4371
28,4744
32,0859
67,0312
35,8889
22,3200
135,6086
120,1661
0,0000
89,0292
64,8476
57,6801
45,0020
0,0000
35,8365
68,1805
116,0192
104,3872
16,1471
13,9781
179,4447
144,2946
128,3768
133,3820
81,3289
40,2226
34,8872
13,5433
62,1034
123,8165
94,3374
56,6744
0,7386
19,7117
0,0000
147,9115
158,5738
68,0086
47,1489
26,7438
0,8881
2,8711
12,0443
39,4430
42,8602
99,2525
39,5294
23,0642
0,0000
0,0000
0,0000
0,0000
0,0000
0,9440
10,5072
100,8463
131,1006
99,5064
94,5370
51,5425
145,6065
60,2409
1,4598
171,6555
127,2783
90,1666
4,2747
3,8736
10,0988
2,4340
0,0000
28,6877
0,0000
0,0000
26,0100
26,6246
0,0000
38,6629
16,4513
0,7645
24,2744
10,6428
9,7477
12,1396
13,6835
1,4869
5,4069
0,7988
0,7903
0,7581
0,0000
3,7027
3,3606
0,7832
0,7701
0,7512
0,8177
0,0000
0,0000
1,6677
5,1308
0,9532
3,2472
15,3872
3,2428
3,6241
2,4153
0,0000
0,0000
0,0000
6,0253
2,2331
2,4966
2,1062
0,0000
0,0000
0,0000
1,0617
0,0000
0,0000
2,8549
2,6404
2,9585
2,5463
1,2212
0,7946
0,8010
0,0000
15,5574
0,9439
5,2320
6,7419
0,0000
0,0000
1,4274
4,8176
1,0467
5,9036
2,1232
0,0000
4,3771
9,3585
14,7076
13,0685
11,6447
15,8680
0,0000
0,0000
0,0000
0,0000
10,6435
8,5361
3,7493
0,0000
6,1402
4,3336
2,7324
4,4921
5,3819
2,4723
18,3927
27,9238
8,0345
26,4187
15,8746
6,3889
31,7227
3,7740
44,7521
6,3960
17,9703
36,4510
27,9623
1,0030
3,3174
3,9070
3,6651
3,1300
3,0397
45,2059
56,1050
113,8291
86,6737
0,7784
49,3963
37,4818
31,2007
0,0000
123,2298
107,3917
12,9689
62,0826
33,2052
30,7442
38,7590
97,8802
73,6324
42,1551
22,8379
18,2157
5,0456
31,2578
69,1954
99,2185
76,9893
39,6032
21,6105
14,8141
63,2830
42,5965
0,0000
0,0000
0,0000
0,0000
0,0000
1,8193
0,0000
0,0000
99,2438
0,0000
8,4411
0,0000
0,0000
0,0000
0,8911
0,0000
0,0000
0,0000
0,0000
2,7183
0,0000
0,0000
0,0000
0,0000
0,0000
0,0000
0,0000
1,3967
0,0000
2,8131
12,4756
25,6413
0,0000
0,0000
0,0000
2,5728
0,0000
0,0000
0,0000
0,0000
66,5940
34,4579
0,0000
0,7668
0,0000
0,0000
0,0000
38,5872
46,0717
0,0000
0,0000
0,0000
0,0000
39,3613
7,0496
0,0000
0,0000
0,0000
0,0000
0,0000
0,0000
68,6441
51,1786
30,5805
0,0000
81,1473
0,0000
0,0000
0,0000
10,3607
0,0000
0,0000
0,0000
0,0000
0,0000
0,0000
0,0000
0,0000
0,0000
0,0000
0,0000
3,2019
31,9159
4,2037
0,0000
0,8750
0,0000
0,8557
0,0000
0,0000
0,0000
8,0264
8,3615
0,0000
0,0000
0,0000
0,0000
0,0000
1,3054
0,0000
0,0000
0,0000
2,2719
0,0000
0,0000
1,0688
0,0000
0,0000
0,8750
0,0000
0,0000
0,0000
0,0000
1,5457
0,0000
0,8731
0,0000
0,0000
0,0000
0,0000
0,0000
0,0000
3,5551
0,7513
0,0000
0,0000
0,0000
2,7267
1,1234
24,2092
31,8037
0,0000
0,0000
0,8750
0,0000
0,7938
44,2573
0,0000
0,0000
0,0000
0,0000
0,0000
0,0000
0,0000
2,9672
11,8108
1,1661
0,7376
0,0000
0,0000
0,0000
48,8178
51,9474
26,6104
0,0000
0,0000
0,0000
83,0751
0,0000
24,3422
2,0567
25,2789
5,3381
17,1818
12,6563
1,2640
2,9512
33,1059
16,8843
11,4048
0,0000
0,0000
0,0000
0,0000
0,0000
0,0000
0,0000
0,7398
5,1869
0,0000
0,0000
0,0000
0,0000
0,0000
124,7051
40,0884
31,5072
62,4034
30,8743
25,8449
3,0051
12,9599
0,0000
0,0000
0,0000
0,0000
0,0000
0,0000
142,0449
5,7038
0,0000
21,7833
0,0000
0,0000
0,0000
148,6996
81,1946
31,0522
0,0000
0,0000
1,7968
0,0000
0,0000
0,0000
0,0000
0,0000
4,5936
0,0000
0,0000
0,0000
0,0000
15,5049
0,0000
0,0000
0,0000
0,0000
0,0000
0,0000
0,0000
0,0000
18,7263
0,0000
0,0000
0,0000
0,0000
0,0000
0,0000
0,0000
0,0000
17,3637
0,0000
0,8750
0,0000
2,3313
1,2701
0,0000
10,3600
0,0000
0,0000
152,3783
14,4833
31,0361
48,6861
0,0000
0,0000
0,0000
90,6853
6,1854
0,0000
0,0000
3,9293
0,0000
0,8750
1,1749
3,7303
1,7430
1,4161
0,0000
0,0000
0,0000
0,0000
0,0000
1,3730
0,0000
0,8083
0,0000
0,0000
0,0000
0,0000
0,0000
0,0000
0,0000
11,8153
0,0000
3,3189
3,8462
0,0000
0,8187
1,4992
0,0000
1,7557
2,2049
2,6532
1,9221
35,8384
1,3446
2,9298
1,6693
1,1248
1,0292
12,6314
0,0000
0,0000
0,0000
39,5119
81,8105
0,0000
0,0000
41,8180
0,0000
0,0000
0,0000
208,8975
25,2810
0,0000
0,0000
0,0000
0,0000
0,0000
42,2026
0,0000
0,0000
0,0000
3,5383
19,5448
4,9607
0,0000
0,0000
0,0000
0,0000
0,0000
0,0000
0,0000
0,0000
47,3105
0,0000
0,0000
0,0000
0,0000
0,0000
0,0000
0,0000
0,0000
0,0000
0,0000
2,8282
0,0000
40,5544
2,6802
0,0000
1,4392
2,2470
8,9194
77,1647
0,0000
0,0000
0,0000
0,0000
0,0000
0,0000
0,8750
0,0000
0,0000
0,0000
0,0000
0,0000
0,0000
0,0000
0,9566
0,0000
0,0000
0,0000
0,0000
0,0000
0,0000
0,0000
0,0000
0,0000
0,0000
0,0000
0,0000
0,0000
0,0000
0,0000
0,0000
0,0000
0,0000
0,0000
0,0000
0,0000
0,8750
0,0000
0,0000
0,0000
0,0000
0,0000
0,0000
0,0000
0,0000
1,2900
0,0000
0,9997
0,8750
0,0000
0,0000
0,0000
0,0000
0,0000
0,0000
0,0000
0,0000
0,0000
0,0000
0,0000
0,0000
0,0000
0,8755
0,0000
0,0000
0,0000
0,0000
0,0000
0,0000
0,0000
0,0000
0,0000
0,0000
0,0000
0,0000
0,0000
1,5481
0,0000
0,0000
0,0000
0,0000
0,8910
0,8750
0,0000
0,0000
0,8696
0,0000
0,0000
0,0000
0,0000
0,0000
0,8756
0,8750
0,0000
0,0000
0,0000
0,0000
0,0000
0,0000
0,0000
0,0000
0,0000
0,7877
1,1559
0,0000
0,0000
0,0000
0,0000
0,0000
0,0000
4,1395
0,0000
0,0000
0,0000
0,0000
10,6096
8,9122
0,0000
0,0000
22,1830
16,3777
0,0000
0,0000
0,0000
0,0000
0,0000
0,0000
0,0000
0,0000
2,9442
0,0000
0,9480
0,0000
4,2589
0,0000
2,2723
0,0000
0,0000
0,0000
0,0000
11,9124
5,5045
0,0000
0,0000
1,7328
0,0000
1,7794
0,0000
0,0000
0,0000
0,9000
0,0000
0,8750
0,9810
0,0000
0,0000
1,5818
0,0000
0,0000
0,0000
1,3028
0,0000
0,0000
1,2404
3,7262
0,8750
0,0000
0,0000
0,8750
0,8752
0,0000
0,8750
0,0000
0,0000
0,9865
0,8750
3,6694
0,0000
0,0000
0,0000
0,0000
0,0000
0,0000
0,0000
0,0000
0,0000
0,8750
0,0000
0,0000
0,8750
0,0000
0,8750
0,0000
0,0000
0,0000
0,0000
0,0000
1,4629
1,0294
0,0000
0,0000
0,0000
0,0000
0,0000
0,0000
0,0000
0,8750
0,0000
0,0000
0,8750
0,0000
0,0000
2,0570
1,7524
0,0000
0,0000
1,2439
0,0000
0,0000
0,0000
0,0000
0,0000
0,0000
0,0000
0,0000
0,9538
0,0000
0,0000
0,0000
0,0000
0,0000
0,0000
0,0000
1,2077
1,6099
1,0682
0,0000
0,0000
4,7169
0,8663
0,0000
0,0000
0,0000
0,0000
0,8750
0,0000
0,0000
0,0000
0,0000
0,0000
1,5237
0,0000
0,0000
0,0000
0,0000
0,0000
0,0000
0,9320
0,0000
0,0000
0,0000
0,0000
0,0000
0,0000
0,0000
0,0000
0,0000
0,0000
0,9898
0,0000
0,9819
0,0000
0,0000
0,0000
1,0460
0,0000
1,0243
0,0000
0,0000
0,0000
0,0000
0,8750
0,0000
0,0000
0,0000
0,0000
0,0000
0,0000
0,8934
0,0000
1,0114
0,0000
0,0000
0,0000
0,8126
5,9427
0,0000
0,0000
0,0000
0,0000
0,8750
0,0000
0,0000
0,0000
0,0000
0,0000
0,0000
0,0000
0,0000
0,0000
0,0000
0,0000
0,8751
137,9247
0,0000
0,0000
0,0000
0,0000
1,1392
0,0000
0,8750
3,9618
1,9089
0,0000
0,0000
0,0000
0,0000
0,0000
22,8059
0,0000
0,0000
0,0000
0,0000
0,0000
0,0000
15,6790
2,4477
0,7656
0,0000
0,0000
7,3693
0,0000
5,3306
0,0000
3,1411
0,0000
0,0000
0,0000
0,0000
10,5178
96,3224
0,0000
0,0000
0,0000
0,0000
82,0205
63,3465
0,0000
0,0000
0,0000
10,3703
0,0000
0,0000
0,0000
0,0000
37,7828
2,8350
0,0000
17,1685
0,0000
0,0000
0,0000
1,1277
35,9048
0,0000
0,0000
0,0000
0,0000
21,4549
5,2801
0,0000
2,1541
0,0000
0,8750
0,8750
0,0000
1,2993
0,8750
2,3860
0,0000
2,3000
0,0000
0,0000
0,0000
4,0620
0,0000
5,5621
0,0000
0,0000
0,0000
0,0000
0,0000
0,0000
0,0000
0,0000
0,0000
0,0000
1,1781
1,6810
0,8750
0,0000
0,0000
1,0742
1,3669
1,3850
2,6399
4,3213
5,3335
0,0000
0,0000
0,0000
0,0000
0,8773
0,8750
0,0000
0,0000
1,0207
0,8750
0,0000
0,0000
0,0000
0,0000
0,0000
0,8958
0,0000
0,0000
0,8750
0,0000
0,0000
0,8750
0,0000
1,1567
0,8750
0,0000
0,0000
0,0000
0,0000
0,0000
0,0000
1,6286
0,0000
0,0000
0,8694
1,7386
1,2454
0,0000
3,5020
2,3536
4,1557
0,8750
0,0000
0,0000
0,0000
0,0000
0,0000
0,0000
0,8750
0,0000
0,0000
0,0000
0,0000
2,7139
0,0000
0,0000
0,0000
0,0000
0,0000
0,0000
0,0000
0,0000
0,0000
0,0000
0,0000
0,0000
0,0000
0,0000
0,0000
0,0000
4,6304
0,0000
1,6447
3,6919
1,3285
0,0000
5,2203
1,2918
0,8750
1,5263
0,9753
0,0000
0,0000
0,0000
0,9828
0,0000
0,8750
0,9543
1,3411
0,0000
0,8724
0,8750
0,0000
0,0000
0,0000
0,0000
0,0000
0,0000
0,8662
0,0000
0,0000
0,0000
0,0000
0,0000
0,0000
0,0000
0,0000
0,0000
0,0000
0,0000
0,0000
0,0000
0,0000
0,0000
0,0000
0,0000
0,0000
0,0000
0,0000
0,0000
0,0000
0,0000
0,0000
0,0000
0,0000
0,0000
0,0000
0,0000
0,0000
0,0000
0,0000
0,0000
0,0000
0,0000
0,0000
0,0000
0,0000
1,0359
6,8971
0,8932
0,8771
0,8750
1,3569
0,0000
0,0000
0,0000
0,0000
0,0000
0,8390
0,0000
0,0000
0,0000
34,6067
0,0000
3,2555
0,0000
0,0000
1,5450
0,0000
2,6141
0,0000
0,0000
0,0000
4,3806
0,0000
0,0000
0,0000
0,0000
0,0000
0,0000
0,0000
0,0000
0,0000
0,0000
0,0000
0,0000
0,0000
0,0000
0,0000
0,0000
0,0000
0,0000
0,0000
0,0000
0,0000
0,0000
0,0000
0,0000
3,7479
0,8475
0,8750
0,8540
0,0000
0,0000
0,0000
0,0000
0,0000
0,0000
0,0000
0,0000
0,0000
0,0000
0,0000
0,0000
1,6938
0,0000
0,0000
0,0000
0,0000
0,0000
0,0000
0,0000
0,0000
0,0000
0,0000
0,0000
0,0000
0,0000
0,0000
2,6146
4,8986
0,0000
0,0000
7,7587
3,5576
0,0000
0,0000
0,0000
13,1064
0,0000
0,0000
1,5962
0,0000
2,3663
0,0000
6,2953
7,1758
0,0000
0,0000
0,0000
0,0000
0,0000
0,0000
0,0000
0,0000
0,0000
0,0000
0,0000
0,0000
8,8381
0,0000
0,0000
0,0000
0,0000
0,0000
0,0000
0,0000
61,3250
0,0000
0,0000
0,0000
0,0000
0,0000
0,0000
0,0000
0,0000
0,0000
0,0000
0,0000
0,0000
0,0000
0,0000
7,5699
2,2406
0,0000
0,0000
1,4302
0,0000
0,0000
0,0000
0,0000
0,0000
0,0000
0,0000
0,0000
0,0000
0,0000
0,0000
0,0000
0,0000
0,0000
0,0000
0,0000
0,0000
0,0000
0,0000
0,0000
0,0000
0,0000
0,0000
29,5658
48,0882
0,0000
0,0000
0,0000
0,0000
0,0000
0,0000
0,0000
0,0000
0,0000
0,0000
0,0000
0,0000
0,0000
0,0000
0,0000
0,0000
0,0000
0,0000
0,0000
0,0000
0,0000
0,0000
0,0000
0,0000
0,0000
0,0000
0,0000
0,0000
0,0000
0,0000
0,0000
0,0000
0,0000
0,0000
0,0000
1,3707
0,0000
0,0000
0,9749
1,1713
1,0666
0,0000
0,0000
0,0000
2,0732
0,0000
2,0264
0,0000
0,0000
0,0000
0,0000
0,0000
0,0000
2,2490
1,0812
0,0000
0,0000
1,0912
3,2937
0,0000
0,0000
0,0000
0,0000
0,0000
0,0000
5,8970
0,0000
0,0000
4,7569
2,2823
0,0000
29,9281
2,4047
0,7646
3,5815
0,7443
0,0000
5,4131
0,0000
0,0000
3,8257
0,0000
0,0000
0,0000
0,0000
0,0000
0,0000
0,0000
0,0000
0,0000
0,0000
0,0000
0,0000
0,0000
101,8984
0,0000
0,0000
0,0000
0,0000
0,0000
0,0000
0,0000
0,0000
0,0000
0,0000
0,0000
0,0000
0,0000
0,0000
5,3611
0,0000
0,0000
4,0471
0,0000
7,8789
4,7738
0,7430
0,7749
0,0000
0,0000
0,0000
0,0000
0,0000
0,0000
0,0000
0,0000
0,0000
0,0000
0,0000
0,0000
0,0000
0,0000
0,0000
0,0000
0,0000
24,0094
0,0000
0,0000
0,0000
5,7109
5,9243
2,5492
2,8016
0,0000
1,4798
0,0000
0,0000
3,6206
9,3814
0,0000
16,1153
18,4428
4,4269
15,8920
13,4626
20,6299
0,0000
6,3796
26,3915
0,8392
0,0000
16,3016
0,0000
0,0000
1,9231
3,4577
0,0000
0,0000
0,0000
0,0000
4,6172
4,7200
0,0000
1,0793
0,0000
12,5562
12,3903
16,6724
0,0000
14,2333
0,0000
0,0000
10,6150
12,4591
134,1273
0,0000
43,9818
38,8039
68,0140
0,0000
0,0000
0,0000
37,0465
0,0000
0,0000
0,0000
0,0000
0,0000
0,0000
12,0384
5,0743
0,0000
0,0000
0,0000
0,0000
0,8268
0,0000
0,0000
0,0000
0,0000
0,0000
0,0000
0,0000
0,0000
0,0000
0,0000
0,0000
0,0000
6,4622
1,0134
0,0000
0,0000
0,0000
0,0000
0,7508
29,4213
0,0000
7,6799
0,8023
63,1245
0,0000
0,0000
0,0000
0,0000
0,0000
26,9444
0,0000
33,5665
10,1738
0,0000
2,3062
0,0000
20,2826
15,7457
0,0000
0,0000
0,0000
0,0000
15,7642
16,1521
23,2935
0,0000
4,9252
0,0000
0,0000
0,0000
0,0000
0,0000
0,0000
0,0000
0,0000
0,0000
0,0000
2,2923
1,9012
0,0000
0,0000
0,8182
0,0000
0,0000
3,2203
0,0000
0,0000
1,0459
0,0000
0,9620
0,0000
6,2770
0,0000
6,0280
1,8212
0,8750
0,0000
0,0000
17,8385
48,7680
131,0733
0,0000
107,0449
0,0000
100,3940
99,3019
0,0000
0,0000
0,0000
57,3136
0,0000
0,0000
57,4358
64,1639
55,1506
47,3205
59,8276
5,8793
39,5325
24,4523
13,8418
4,3149
16,1328
0,7660
0,7375
1,8496
0,0000
0,0000
0,0000
1,7791
7,3155
0,0000
0,0000
0,0000
0,0000
0,0000
6,5670
10,9945
0,0000
15,7618
8,3941
0,0000
23,3468
0,0000
8,4212
9,1115
8,7940
14,6351
13,8201
4,9099
18,7838
1,2024
14,1959
1,9204
5,3233
5,5832
32,7382
14,5362
17,1552
27,9572
39,0808
23,6487
30,8332
17,6152
9,7711
5,4420
32,1977
50,3639
64,5955
73,1088
0,8168
115,5472
115,4773
8,0346
40,0379
88,9679
68,6972
120,2355
9,1798
12,0744
4,7720
0,0000
6,1944
14,4583
132,7102
27,3636
20,5731
15,6316
23,4067
42,5661
2,7219
13,2373
57,8654
80,4052
51,8323
59,5006
92,4920
61,3534
4,4384
6,4291
10,5030
13,3652
0,0000
34,3775
8,9468
32,8489
42,0269
13,4344
9,0494
0,8915
0,0000
0,0000
0,0000
0,0000
0,0000
2,7484
2,2066
0,0000
0,0000
0,0000
8,2844
1,6253
0,0000
4,0555
0,0000
4,2865
7,4208
6,6293
0,8062
10,4960
17,0253
0,9216
0,8180
55,9348
40,5004
8,9705
0,9031
1,6444
0,7995
72,1751
0,7599
2,9112
49,4827
46,0280
63,6051
31,7746
62,1996
25,9683
34,8006
26,9699
29,0484
28,9383
42,4868
54,4619
30,0256
27,4992
21,6299
28,6066
30,9481
2,8360
13,5025
3,0048
6,6368
0,0000
8,4924
16,4506
18,6036
28,9705
13,3249
17,6368
6,3088
0,0000
0,0000
0,0000
0,0000
0,0000
0,0000
0,0000
0,0000
0,0000
0,0000
0,0000
0,0000
0,9170
0,0000
1,8123
0,0000
119,5976
81,5841
0,0000
66,1559
0,0000
0,0000
0,0000
0,0000
0,0000
0,0000
0,0000
0,0000
0,0000
0,0000
0,0000
68,6476
41,9604
0,0000
0,0000
134,6992
3,3186
3,8661
0,0000
0,0000
0,8651
0,0000
0,0000
0,7902
0,0000
5,2736
4,3133
2,5297
10,6477
0,0000
1,2789
0,0000
20,2511
2,5775
0,0000
0,0000
0,8750
0,0000
20,9188
8,2466
15,7595
12,8993
38,8731
6,0267
24,1735
89,5631
9,7181
18,3615
6,3037
18,6154
26,5557
26,7109
5,3658
0,0000
0,0000
1,1361
0,0000
0,0000
0,0000
0,9489
0,0000
10,1465
15,4843
8,4077
4,3768
0,0000
0,0000
0,0000
1,2504
0,0000
0,0000
1,0129
1,3517
1,2025
0,0000
0,0000
0,0000
4,7992
0,0000
0,0000
0,0000
0,0000
0,0000
0,0000
0,0000
2,2658
0,0000
0,0000
0,0000
0,0000
9,5758
0,9630
0,0000
0,0000
0,0000
1,0988
0,0000
15,4922
0,0000
0,0000
0,0000
0,9905
0,0000
25,7209
15,5376
0,0000
0,0000
0,0000
0,0000
0,0000
0,0000
0,0000
0,8292
0,0000
0,0000
0,0000
0,0000
2,8240
0,0000
0,7446
0,0000
0,0000
1,0105
8,3328
0,0000
1,8754
0,0000
26,8307
27,1939
75,9507
0,0000
116,9832
94,2261
113,5877
190,1829
7,1184
147,9958
0,0000
19,0782
0,0000
67,1730
117,0583
50,2985
80,1156
15,7308
84,1784
4,7043
54,5810
73,7255
61,2181
28,6397
25,7954
0,8589
3,6301
29,3086
4,3777
35,6750
1,2495
9,6214
7,0485
7,0632
34,2192
13,9321
11,0349
5,1268
28,1095
8,2931
79,2404
26,1286
14,2937
15,6766
45,5655
35,8468
43,6313
0,0000
0,0000
0,0000
15,1632
13,7739
11,3004
26,1422
0,0000
0,0000
6,7241
24,4725
22,0004
2,4302
8,4648
13,0278
24,4525
31,9859
22,7087
20,1454
33,9081
162,8184
20,9075
5,4668
2,9957
61,2322
1,1370
105,1236
91,5162
61,4569
0,8273
5,7451
12,4887
6,8814
131,0956
0,0000
145,1090
187,5993
17,0238
1,6451
1,6788
19,7023
99,3679
196,3854
34,9174
127,2033
4,4607
19,3360
62,7938
41,2039
12,7048
10,5479
43,9588
55,6573
95,2957
10,5206
35,7288
3,9737
2,1949
1,2203
7,0057
7,8500
0,9865
43,2527
3,5520
9,5741
18,9969
14,0445
1,6206
0,0000
0,0000
4,5426
0,0000
19,1353
7,0012
0,0000
4,8872
4,7714
7,2441
14,9658
3,9137
1,5826
1,3036
6,9273
4,5991
4,3803
8,9662
9,2157
17,7887
14,9220
28,4716
2,0223
67,1161
67,1620
13,9635
66,8220
4,6670
1,0142
107,0063
0,9628
0,7569
41,5616
0,9650
46,1831
30,1971
39,5101
27,6912
36,8652
0,7850
39,1766
43,4235
53,8246
65,0441
29,8706
32,0189
35,5554
25,6418
20,8694
4,1311
8,8099
8,4065
5,6255
23,6647
20,4376
27,4667
9,3932
34,2350
24,4153
30,4265
13,3213
2,2339
0,0000
0,0000
0,0000
0,0000
0,0000
0,0000
0,0000
0,0000
0,0000
0,0000
0,0000
1,0021
0,0000
0,0000
13,8689
19,5092
0,0000
0,0000
0,0000
0,0000
20,1411
56,4559
0,0000
0,0000
0,0000
0,0000
0,0000
0,0000
0,0000
0,0000
5,2750
24,7181
0,0000
2,4610
0,0000
0,0000
0,0000
90,4601
13,1133
0,0000
0,0000
0,0000
0,0000
95,0204
0,0000
0,0000
0,0000
0,0000
0,8561
0,0000
0,0000
0,9729
8,1592
0,0000
0,0000
0,0000
9,0742
13,0108
83,1838
0,0000
5,2150
7,2526
6,4963
14,5704
0,0000
0,0000
0,0000
0,0000
0,0000
1,0948
1,7618
39,1064
7,1056
0,0000
12,1225
0,0000
0,0000
0,0000
27,7160
31,1885
6,1480
0,0000
0,0000
0,0000
23,1919
0,7902
3,7044
0,0000
0,0000
0,0000
1,5286
0,0000
0,0000
0,0000
0,0000
0,7748
6,2905
0,0000
33,2387
0,0000
0,0000
0,0000
37,2908
47,4092
0,0000
0,0000
0,0000
0,0000
5,9377
16,3857
0,0000
3,3518
30,9769
21,4820
0,0000
0,0000
0,8750
0,0000
0,0000
0,0000
0,0000
0,0000
0,0000
0,0000
0,0000
44,8111
0,0000
0,0000
0,0000
2,9383
0,0000
14,4174
0,0000
0,0000
1,7620
0,8750
9,2496
0,0000
0,0000
0,0000
0,0000
0,0000
0,0000
0,0000
0,0000
0,0000
0,0000
0,0000
0,0000
0,0000
6,7645
0,0000
0,0000
0,0000
17,5618
0,0000
0,0000
0,0000
1,9390
0,8750
27,5933
20,3443
13,5701
7,1955
19,7716
10,1453
13,0248
14,3663
40,3026
33,4914
52,0124
81,3123
82,7430
85,4583
61,9516
146,4526
97,9576
130,6876
51,5651
135,1582
70,5536
83,0041
0,0000
11,5946
10,3022
101,4737
59,3365
9,4264
72,5094
62,7350
88,6212
1,3613
32,1965
26,6519
15,6459
12,0247
0,7727
12,9605
6,2274
4,5866
0,7679
0,0000
0,0000
5,6768
5,1622
4,8844
3,9515
0,0000
3,2424
0,0000
0,0000
0,0000
9,4283
0,0000
19,9045
0,0000
0,0000
56,2057
0,0000
55,7859
7,0793
12,3083
8,2085
8,7469
10,0954
3,0579
1,1989
11,5018
0,9620
9,5062
18,2494
18,2924
11,6130
33,5326
13,2337
26,6771
57,1630
20,3753
3,7567
38,5289
33,4982
34,3393
35,3805
34,6339
0,9080
64,8011
0,0000
0,0000
13,5545
36,8907
120,0737
151,5924
65,5101
94,1591
101,5214
71,5377
4,8317
113,5731
63,0173
76,5737
25,8431
3,6394
83,7560
14,0112
151,5356
68,5549
30,8646
35,8177
83,0804
55,6890
64,0183
24,4456
54,7487
18,4206
16,3335
2,4497
6,0404
13,0449
6,4208
20,7508
0,8364
33,4767
0,7433
3,5420
0,0000
8,5973
0,0000
5,0857
0,0000
13,2249
5,9086
0,0000
8,1342
2,5611
0,0000
2,6252
2,6129
1,2362
4,4805
0,7371
7,5066
4,3547
7,7868
7,3150
10,1531
0,7792
18,6459
17,7477
43,4634
0,7839
10,1042
0,8720
0,7861
0,9144
50,6641
44,7971
1,0937
0,8495
44,5708
67,9093
12,5531
49,7584
13,3849
28,9885
31,9405
15,7082
38,8869
52,4249
28,4796
25,0055
15,2343
10,7646
17,2170
13,4778
3,5675
18,9795
3,0923
27,8903
22,4349
20,3219
18,5821
22,8659
14,5499
17,0088
16,2688
15,7329
1,4055
0,0000
0,0000
0,0000
0,0000
0,0000
0,0000
0,0000
0,0000
0,0000
0,0000
0,0000
0,0000
5,7337
0,0000
15,9128
0,0000
2,5849
9,7253
0,8554
0,0000
3,0769
28,5623
0,0000
14,6203
2,5245
7,9065
0,0000
0,0000
2,0247
0,0000
0,8474
1,0680
1,1585
9,4745
0,0000
2,2918
0,0000
4,4398
1,0235
0,0000
3,7929
1,6091
0,0000
4,0775
0,0000
0,0000
0,0000
1,6284
1,7729
20,5676
0,8258
18,8894
8,4723
0,0000
7,0388
0,0000
0,0000
0,0000
0,0000
0,0000
0,0000
0,0000
0,0000
0,0000
0,0000
0,0000
1,4868
9,8291
0,0000
0,0000
0,0000
2,3968
19,9764
14,2694
0,0000
0,0000
0,0000
10,8100
21,2439
0,8627
0,0000
0,9128
0,0000
0,0000
0,0000
0,0000
0,0000
0,0000
0,0000
6,3125
0,0000
1,1805
0,0000
0,0000
2,1687
5,2928
0,7444
0,0000
0,8658
0,0000
14,4539
6,6004
1,0360
0,0000
0,0000
0,0000
1,0868
9,3889
0,0000
1,4177
0,0000
0,0000
0,0000
0,0000
0,0000
0,0000
2,4240
0,0000
0,7570
5,7144
0,8220
0,0000
0,0000
0,0000
0,0000
0,0000
0,8032
0,0000
0,7798
0,0000
0,0000
0,0000
0,0000
0,0000
0,0000
27,9139
9,4043
0,8039
0,7541
0,0000
0,0000
0,0000
0,0000
35,5824
24,7204
0,0000
0,0000
0,0000
0,0000
0,0000
44,1433
49,9034
2,0170
0,0000
0,0000
0,0000
0,8750
43,3759
0,0000
0,0000
0,0000
0,0000
0,0000
36,5552
1,2895
78,1752
0,0000
0,0000
0,0000
1,9323
208,5556
168,2815
79,2804
60,4435
0,0000
2,5506
156,6575
97,4986
106,1671
46,3781
3,8512
1,8292
14,0596
100,6801
0,0000
0,0000
4,4517
2,2768
0,0000
0,0000
0,0000
0,0000
0,0000
0,9191
0,9091
7,9260
0,0000
0,0000
0,0000
0,0000
0,7494
35,6110
0,0000
0,0000
0,0000
0,0000
0,0000
0,0000
0,0000
2,5127
46,4884
45,3152
0,0000
30,0617
0,0000
0,0000
0,0000
13,5547
31,3647
0,0000
0,0000
0,0000
0,0000
71,5902
0,0000
14,8526
0,0000
0,0000
2,6298
3,2079
0,0000
0,0000
1,2123
1,5642
4,9904
12,8675
0,7444
0,7998
0,0000
1,7659
0,0000
24,8884
9,9760
3,5835
0,0000
0,0000
0,0000
4,9408
4,5895
53,4035
1,9415
14,0842
17,1443
6,6488
1,3804
1,0917
0,8616
0,0000
2,1837
0,8750
0,0000
0,7640
0,0000
0,8750
22,3017
20,1312
12,2770
22,1117
0,0000
4,6980
2,4133
1,4369
14,7402
4,2324
7,1676
6,1992
1,7370
226,7007
16,2849
6,0741
12,8008
2,9575
0,0000
2,2470
1,0559
1,7701
1,0153
1,5730
1,6711
4,9774
3,4999
0,0000
3,0592
0,0000
0,0000
0,0000
0,0000
0,0000
0,0000
0,8750
13,0623
1,0339
6,9255
16,9895
18,6371
19,3111
0,7473
0,7757
42,8653
21,3525
4,1378
6,0659
1,3249
14,1615
22,3089
26,2120
25,7660
41,4883
45,3251
43,1353
2,6350
3,7980
0,7511
8,6585
4,6690
0,0000
0,0000
0,0000
0,0000
0,0000
0,0000
0,0000
0,0000
0,0000
0,0000
0,0000
0,0000
0,0000
0,0000
0,0000
0,0000
0,0000
0,0000
3,5744
0,0000
3,8348
0,0000
0,0000
5,0371
8,5754
3,0286
4,7544
0,7885
3,2845
1,0596
2,6162
39,7622
39,6543
3,8346
0,7870
1,3624
12,7512
31,3682
68,5077
0,0000
1,4473
0,7593
0,0000
0,0000
0,0000
0,0000
0,0000
1,0115
0,0000
0,0000
0,0000
0,0000
0,0000
0,0000
0,0000
0,0000
1,9974
5,1740
0,0000
9,0350
0,7602
4,7901
38,4524
1,7804
1,4047
3,2557
1,2379
39,3661
33,9460
0,9102
0,8515
0,0000
29,0341
69,7773
76,1903
0,0000
0,0000
40,7687
0,0000
0,0000
0,0000
0,0000
0,0000
46,4795
88,0616
0,0000
0,0000
0,0000
0,0000
43,3284
4,4120
3,0643
1,0077
1,3519
2,5856
6,6918
9,7082
4,3673
16,8839
6,6067
127,9110
239,8810
171,3928
0,0000
1,2880
6,6052
19,7915
79,8683
109,1786
163,6087
0,0000
0,0000
0,0000
0,0000
0,0000
71,0274
75,8710
0,0000
0,0000
0,0000
0,0000
0,0000
0,0000
0,0000
0,0000
0,0000
0,0000
0,0000
6,7329
19,8773
15,5043
39,5391
128,8708
3,7702
13,4037
29,8418
111,5260
117,5563
1,5714
12,6095
40,0767
47,7150
55,5239
88,1758
106,8615
0,0000
0,0000
32,8619
50,1456
52,3348
69,0606
0,0000
0,0000
0,0000
0,0000
0,0000
0,0000
0,0000
0,0000
0,0000
0,0000
4,1064
3,9537
6,3028
26,7700
55,2608
0,7385
6,0377
23,1158
52,0511
113,3475
1,2626
2,4344
0,0000
39,5502
49,1985
8,2135
46,2292
55,9758
0,0000
0,0000
0,0000
23,1706
24,2315
25,0258
40,2586
49,1025
0,0000
0,0000
19,6849
0,0000
0,0000
0,0000
32,5975
0,0000
0,0000
0,0000
0,0000
0,9340
0,0000
0,0000
54,6973
8,4743
30,1411
56,4300
190,2247
6,3425
21,7813
55,3288
128,2775
205,5920
243,6550
0,0000
0,0000
21,5784
18,7744
3,6300
11,3860
19,5374
0,0000
12,5022
0,0000
6,7380
0,0000
12,2961
18,2550
15,8991
0,0000
0,0000
0,0000
0,0000
0,0000
1,0381
0,0000
25,4002
39,1612
0,9498
21,7661
52,4461
98,7915
8,4049
214,9439
0,0000
18,6662
17,7015
11,7558
141,2358
157,8737
0,0000
8,2614
10,8284
12,1870
1,7351
94,2864
4,2566
9,1948
9,2600
0,0000
0,0000
0,0000
0,0000
0,0000
0,0000
0,8750
1,4127
0,8750
103,0573
9,0736
1,9284
65,5658
210,7769
8,2652
0,9386
47,7386
100,2725
227,8203
9,3823
3,6614
23,0337
0,0000
93,5968
166,9763
0,0000
0,0000
20,0777
1,2932
64,3497
129,8185
112,5400
106,8603
0,0000
0,0000
0,0000
0,0000
70,8292
67,6015
61,7925
0,0000
0,0000
0,0000
0,0000
0,0000
0,0000
0,0000
2,2341
3,4873
0,0000
0,8963
1,1017
0,0000
32,3679
85,1375
24,3021
0,7745
104,4816
142,0057
5,5161
0,0000
56,1823
78,8753
90,0780
121,1152
0,0000
0,0000
0,0000
48,2979
53,4323
47,7970
38,9763
38,4984
0,0000
0,0000
0,0000
0,0000
0,0000
0,0000
20,1911
13,4010
12,0577
0,0000
0,0000
0,0000
45,4462
11,6002
33,3644
99,7577
9,0011
14,4786
39,3545
89,7512
6,8716
13,2232
22,1977
45,9926
114,7989
195,7801
7,9834
0,0000
0,0000
0,0000
64,2949
104,1485
168,4349
13,6549
0,0000
0,0000
0,0000
0,0000
0,0000
0,0000
79,4002
121,5050
97,7244
0,8750
0,0000
0,0000
0,0000
28,0477
43,2769
20,6972
38,1357
81,0359
0,9673
7,0471
11,8647
19,5032
44,4360
90,7973
147,3172
67,5228
5,9498
19,1144
0,0000
0,0000
4,7700
17,1204
17,7468
7,1536
15,7675
30,0559
0,0000
2,6556
2,1743
53,4910
15,9252
0,8661
0,0000
0,0000
0,0000
0,8750
0,8750
10,5975
8,6138
13,4347
69,8160
6,8139
1,3151
16,1197
41,8761
167,5084
5,9472
11,8600
13,4484
16,2513
1,1466
116,1720
4,5540
8,6120
0,0000
11,6755
8,9082
13,0191
71,1430
3,8986
5,3408
0,0000
21,1748
10,0586
9,4685
16,2367
0,0000
0,8240
0,0000
11,9478
4,1176
2,3531
0,0000
14,9580
0,0000
0,0000
0,0000
3,0650
3,0101
0,0000
0,0000
0,0000
0,0000
0,0000
6,6061
90,9255
14,8842
67,5019
36,8794
0,0000
0,0000
0,0000
2,1856
0,0000
4,4255
0,0000
25,2251
140,0440
81,1697
104,5478
56,0793
17,6040
0,0000
0,0000
0,0000
0,0000
0,0000
0,8688
0,0000
0,0000
105,4771
2,3876
1,2403
5,7730
40,5461
3,9397
11,2015
0,7488
1,5456
62,2693
84,1786
0,7522
9,7972
35,9918
67,7506
5,2542
33,0170
30,0096
1,8961
14,0736
12,3524
40,5544
60,9538
26,6756
151,3692
181,2416
7,5472
0,0000
6,0968
3,3036
2,8068
8,4626
1,1685
0,0000
0,9812
2,1261
1,5593
0,8750
0,0000
0,0000
0,0000
0,0000
0,0000
0,0000
10,9196
16,5905
41,2695
11,5495
2,0206
20,0417
12,9040
6,2261
1,0158
28,4620
0,7528
11,9350
6,9815
5,1138
0,7674
12,0780
32,5228
60,4231
107,7942
1,7545
14,1571
0,9548
0,0000
4,6018
28,0700
51,0230
90,2455
4,6291
9,6713
74,8747
3,5588
5,8258
14,5339
22,7666
0,0000
1,6881
10,8340
0,0000
1,1290
0,8750
0,0000
0,0000
1,1992
0,0000
0,0000
2,4938
9,1069
30,3869
11,3170
23,7530
35,4005
1,0607
9,0472
40,2494
66,4308
10,1310
11,6191
13,6403
26,3203
48,0627
6,6205
18,5486
0,0000
16,1140
23,0730
41,3551
3,7158
9,5427
3,7629
10,4269
13,5751
2,1292
0,0000
0,0000
0,8750
0,0000
2,0424
1,3233
0,0000
0,0000
1,0212
0,0000
0,0000
2,1942
22,3794
138,7935
5,4237
16,6828
19,8813
156,7756
6,7402
10,2069
1,5426
16,4257
4,8006
5,2740
5,8867
7,2945
14,9133
22,6824
9,6248
24,2732
82,4633
0,0000
7,6251
14,5431
26,4336
6,4182
4,9625
11,4768
18,5326
0,0000
0,0000
10,5646
20,7155
3,7017
2,5694
11,4706
4,2028
6,5009
2,3754
0,0000
0,8897
0,0000
0,0000
0,0000
0,0000
0,0000
0,0000
13,3062
26,9136
8,2252
14,1372
16,0971
29,9104
16,8449
5,7298
11,1451
10,7178
23,8647
5,6843
7,9823
5,3589
8,9631
17,4680
29,7123
3,8079
5,7440
0,0000
8,7377
15,7784
25,1888
1,7016
0,0000
7,2961
10,6037
1,4592
1,0115
0,0000
0,0000
2,1318
27,2935
65,1491
5,6047
23,7810
13,1260
30,5577
15,8902
22,6946
19,6097
3,4328
9,0583
0,9026
9,8935
12,1138
15,3510
16,8753
19,3323
33,2821
19,4343
10,7076
12,8484
0,8219
5,9432
6,1391
9,5724
10,2104
15,3684
19,1470
24,5083
5,5956
4,4203
7,1945
4,5582
0,0000
3,6848
5,0255
13,0950
0,0000
12,1827
16,8424
19,2887
3,4602
29,4699
5,6704
4,1515
0,0000
0,0000
0,0000
6,8750
0,0000
11,8325
16,4033
18,1618
14,3133
1,7341
3,1969
0,0000
0,0000
5,7770
7,8939
7,7204
0,8750
5,3078
0,0000
0,0000
1,1687
4,7510
0,0000
3,8344
28,0147
31,9564
5,6751
22,8307
22,5899
16,7996
18,9115
4,8333
15,5658
16,5532
11,3356
11,3549
9,0533
14,5738
17,3011
10,4748
5,0634
4,1040
0,0000
6,4927
9,7096
7,5986
14,1286
4,8203
13,5885
5,5526
2,0625
3,2273
3,6372
0,0000
6,2812
7,5950
11,4799
10,1720
11,5051
10,1139
0,0000
0,0000
0,0000
6,5101
8,0052
1,8547
0,0000
0,0000
0,0000
0,0000
0,0000
0,0000
1,0977
0,0000
0,0000
0,0000
0,0000
0,9106
8,7488
2,4608
1,1343
3,4125
9,6441
3,8534
0,0000
0,7495
8,5541
0,7427
7,6950
7,2036
3,3081
3,4430
22,1323
11,8211
6,8317
2,1946
6,1794
2,8710
3,3004
4,9733
4,3112
4,8222
3,2941
2,2658
9,7653
0,8179
0,0000
2,0321
3,6978
3,8541
0,0000
0,0000
4,6727
0,0000
0,0000
0,0000
0,0000
2,4229
0,0000
0,0000
0,0000
0,0000
0,0000
0,0000
2,9042
0,0000
0,0000
0,0000
0,0000
0,0000
0,0000
0,0000
0,8750
0,0000
0,8434
0,0000
1,3726
6,4262
10,2341
13,4751
7,0017
56,5170
2,6738
3,0755
3,3303
3,4988
13,8575
9,0557
3,7799
9,0725
1,3323
1,6119
2,5942
1,2772
10,8239
5,8762
8,6592
0,7689
0,9654
1,3110
1,1615
8,6528
2,4183
4,1355
4,0764
0,0000
0,0000
0,0000
1,3313
0,0000
2,1191
0,0000
0,0000
1,8475
0,0000
1,2521
0,0000
12,4975
31,8763
42,3105
0,0000
1,4976
6,9267
8,9858
14,3486
7,6964
13,9628
0,0000
5,5170
2,7159
3,0647
4,3914
9,1945
12,7746
10,7088
11,2041
0,0000
1,4025
1,6435
1,7087
3,6938
8,7051
5,5675
1,1627
0,0000
0,0000
0,0000
1,3253
1,1622
0,7900
5,8262
3,8297
0,7857
2,4377
0,0000
0,0000
0,0000
0,0000
2,3012
0,0000
1,9329
0,0000
1,1330
0,0000
0,0000
136,2573
219,2041
104,6251
44,3875
118,0901
0,0000
0,0000
0,0000
0,0000
0,0000
0,0000
2,9892
4,9194
9,8381
22,5303
2,7599
2,5022
4,6943
6,9996
9,1105
10,9492
16,0055
2,6127
0,0000
0,0000
3,7276
4,9312
0,0000
7,4003
11,4463
0,0000
0,0000
0,0000
0,0000
3,6606
5,1975
0,0000
0,0000
0,0000
0,0000
0,0000
2,3867
0,0000
0,0000
1,5470
0,0000
1,0543
0,0000
7,8196
11,5061
28,1125
17,4588
22,8285
17,8236
9,8947
4,0562
24,4811
1,0717
1,7612
1,9437
3,9413
9,5469
11,0122
27,5836
0,0000
2,2146
3,1863
2,6706
3,9713
8,2667
10,8692
16,0293
0,0000
0,0000
0,0000
1,5823
2,0552
3,2127
2,7737
6,9884
0,0000
0,0000
0,0000
0,0000
0,0000
2,3992
1,9223
4,6323
0,0000
0,0000
0,0000
0,0000
0,0000
0,0000
0,0000
0,9317
0,0000
0,8264
0,0000
1,1406
0,0000
0,0000
0,0000
13,5903
13,2418
49,9423
4,8718
48,0872
8,8360
14,5501
8,9210
10,0808
14,2393
0,0000
1,2222
1,4241
5,4684
6,7463
5,9233
19,9524
0,0000
0,0000
0,0000
1,4970
1,6923
2,8557
1,0372
0,0000
1,1501
0,0000
0,0000
0,8352
3,0624
1,9476
0,0000
0,0000
0,0000
0,0000
0,8275
0,0000
0,0000
0,8417
0,0000
11,1324
0,0000
54,1373
65,2371
62,1646
65,5782
1,1519
17,3537
10,4874
17,3128
0,7915
3,0185
4,8806
11,3479
13,5418
21,3951
21,8222
0,0000
0,0000
0,0000
2,2431
6,3394
8,7217
17,0049
16,6507
0,0000
0,0000
0,0000
0,0000
2,9177
4,3438
5,5356
8,5562
0,0000
0,0000
0,0000
0,0000
0,0000
0,0000
3,8259
1,2235
0,8758
0,0000
0,0000
0,0000
0,0000
0,0000
0,8553
0,0000
0,8606
0,0000
2,8938
6,8075
182,9049
45,3890
60,1012
106,5317
0,0000
8,6849
13,8909
4,6812
12,3070
12,8327
29,4870
1,1917
0,0000
0,0000
4,7614
7,3750
13,8071
20,1678
0,0000
0,0000
0,0000
0,0000
0,0000
5,5675
1,9053
0,0000
0,0000
0,0000
0,0000
0,0000
6,6589
0,0000
0,0000
0,0000
0,0000
0,0000
0,0000
0,9907
0,0000
0,8951
0,0000
0,0000
0,0000
4,9326
37,6236
97,2719
21,0627
21,4373
0,0000
2,4259
6,3133
20,5088
0,0000
1,4065
1,7500
3,3296
1,4586
1,1514
1,1164
37,5638
0,0000
0,0000
1,0401
1,0343
1,0878
1,1226
1,1557
0,9187
4,8183
0,0000
0,0000
0,0000
0,7447
0,8772
1,0741
1,0936
1,0098
0,0000
0,0000
0,0000
0,0000
0,0000
0,0000
0,0000
1,0796
0,0000
0,0000
0,0000
0,8411
0,8677
0,0000
0,0000
0,0000
0,0000
27,6235
119,7006
25,4325
117,3179
1,1435
117,7752
34,7929
40,1612
0,0000
3,2223
2,7224
2,8888
3,1903
3,0362
0,0000
0,0000
2,1640
1,8696
2,4066
2,6970
2,9460
0,0000
0,0000
1,0350
1,4040
1,7480
1,9856
2,4789
0,0000
0,0000
0,0000
0,0000
0,0000
1,6142
0,0000
0,0000
0,0000
0,8130
0,0000
0,8750
0,8750
0,0000
0,0000
0,0000
81,8997
67,4163
59,1536
5,2474
6,2172
7,0726
7,0063
0,7397
0,9591
2,8687
3,1320
3,8917
4,3867
5,1536
5,6409
0,0000
0,0000
0,0000
2,7749
0,0000
0,0000
3,3083
1,6709
2,9039
0,0000
0,0000
0,0000
0,0000
0,0000
0,0000
0,0000
3,3345
0,0000
0,0000
0,0000
0,0000
0,0000
0,0000
0,0000
8,9366
0,0000
0,0000
0,0000
1,0558
4,8989
1,2235
10,0186
1,5348
4,0717
0,0000
100,2650
24,4829
6,8422
6,4094
12,3914
16,1543
19,2299
12,1371
8,5164
6,2562
1,6255
5,0087
2,8600
11,4033
0,0000
0,0000
0,0000
0,0000
0,0000
0,0000
0,0000
0,0000
0,0000
0,0000
0,0000
0,0000
0,0000
0,0000
0,0000
0,0000
0,0000
0,0000
0,0000
0,0000
0,0000
0,0000
0,0000
0,0000
1,4018
4,7830
0,8522
3,5072
20,4411
7,5742
6,0990
0,0000
0,7392
0,0000
0,0000
0,0000
0,0000
0,0000
0,0000
0,0000
0,0000
0,0000
0,0000
0,0000
0,0000
0,0000
0,0000
0,0000
0,0000
0,0000
0,0000
0,0000
0,0000
0,0000
0,0000
0,0000
0,0000
0,0000
0,0000
0,0000
0,0000
0,0000
0,0000
0,0000
1,6368
0,0000
0,0000
0,0000
0,0000
7,5551
6,0185
4,5240
119,1619
79,3254
85,5201
42,3220
2,2242
58,4791
24,4589
39,8421
11,3979
0,0000
86,1819
0,0000
0,0000
129,6804
0,0000
19,4745
96,4525
41,4518
0,0000
0,0000
15,8301
0,0000
0,0000
0,0000
11,6590
21,8439
111,7047
17,0411
15,3715
22,5439
0,0000
1,1056
6,6964
3,9328
10,1489
6,3144
1,2514
0,0000
0,0000
0,7390
0,0000
2,0905
3,4364
0,7514
0,0000
0,0000
0,0000
1,1456
0,0000
0,0000
3,1523
0,0000
0,0000
0,0000
0,0000
0,0000
0,8312
0,0000
0,0000
0,0000
0,0000
1,0132
4,0312
0,0000
68,2146
9,3793
27,9321
67,6033
64,6514
156,2335
7,7070
15,3132
14,3194
6,4013
3,0438
1,9653
0,8434
0,7477
2,1722
2,5322
3,0997
1,3102
0,0000
0,9164
7,2291
0,0000
0,7392
0,7503
2,1420
3,4881
0,0000
0,0000
0,0000
0,0000
3,6262
0,7575
1,3449
0,7694
0,0000
0,0000
0,0000
1,9233
4,7451
0,0000
0,0000
0,0000
0,0000
0,0000
2,1522
0,8200
0,8750
0,0000
0,8595
30,2536
42,2458
11,8425
16,0738
3,4696
1,8222
6,3976
2,0545
4,8322
0,7423
0,7450
0,0000
0,7397
6,4883
2,3602
1,7695
3,0737
1,6428
1,2768
0,7637
0,7676
5,6642
5,1355
0,0000
0,0000
0,7568
1,4634
1,0388
11,8323
0,8331
0,0000
0,0000
0,7697
1,6387
0,7998
0,8047
0,0000
0,0000
0,0000
4,3752
4,7401
0,8569
0,8742
1,4426
0,9621
0,0000
0,0000
0,9970
4,2654
12,9528
7,6674
2,9038
4,1393
2,3088
1,3383
1,0555
1,2487
2,4509
3,0970
3,9451
0,7557
0,7516
2,0454
4,0985
2,2070
2,3654
3,1597
3,7075
5,0530
1,3002
2,0933
3,3513
2,1068
0,0000
0,0000
0,0000
3,6413
3,2658
4,6783
3,9794
6,8831
0,0000
0,0000
0,0000
0,0000
5,2866
0,8056
0,8384
0,0000
0,0000
0,0000
0,0000
0,0000
5,7926
0,0000
0,0000
0,0000
0,0000
0,0000
0,9369
0,0000
183,6945
134,5614
137,4901
105,6193
2,1530
10,3815
1,5052
8,6168
1,3773
13,6077
13,6105
14,5508
12,4999
0,9302
0,7530
0,7894
6,1258
2,2764
9,2014
8,5524
10,6283
11,3163
11,4039
9,8375
9,8026
6,4288
0,0000
0,0000
8,0671
8,7692
7,1417
0,0000
0,0000
0,0000
0,0000
1,0009
0,0000
6,0338
0,0000
0,0000
0,0000
0,0000
0,0000
0,0000
0,0000
0,0000
0,0000
0,0000
0,0000
0,0000
1,2405
0,0000
44,6969
50,4401
63,6437
83,7527
8,7738
118,2874
49,0315
2,8630
1,1094
2,6387
14,2680
2,3130
0,9065
0,7569
25,7295
14,2803
4,7765
1,2496
0,9574
0,7474
1,3048
15,7472
13,2242
22,2262
22,7085
17,8524
0,0000
0,0000
6,1120
8,8564
12,3168
11,1555
0,0000
0,0000
0,0000
0,0000
0,0000
0,0000
0,0000
1,7659
0,0000
0,0000
0,0000
0,0000
0,0000
0,0000
0,0000
36,1231
39,3485
54,3443
42,8115
64,8954
12,2478
0,0000
103,8167
77,1754
5,5786
42,7619
0,0000
20,3105
0,0000
0,8167
6,2962
4,2328
0,0000
0,0000
0,0000
0,0000
0,0000
127,3386
150,5262
93,2172
88,1932
0,0000
0,0000
0,0000
0,0000
110,1690
107,4526
0,0000
0,0000
0,0000
0,0000
0,0000
0,0000
183,3216
0,0000
12,8849
76,1913
52,5307
103,7041
120,2072
148,1653
49,4003
0,0000
3,1928
0,0000
0,0000
87,2799
4,1637
88,3925
4,7352
0,0000
0,0000
0,0000
4,9181
0,8750
22,3087
0,0000
0,0000
0,0000
0,0000
0,0000
0,0000
5,4164
2,9542
1,9253
0,0000
0,0000
0,0000
0,0000
0,0000
1,6709
0,0000
0,0000
0,0000
0,0000
0,0000
7,6965
16,5937
16,1026
24,2523
117,5013
36,8140
3,4416
8,2345
5,5304
35,8658
1,9312
10,6080
28,1951
0,0000
9,3129
0,0000
5,5083
12,9211
2,7527
10,8938
0,9861
2,2438
0,0000
0,0000
0,8750
0,0000
0,0000
1,3323
0,8073
4,5593
0,0000
0,0000
0,0000
0,0000
12,3746
0,7792
0,0000
20,2536
3,5160
23,0833
25,5732
2,2301
3,1642
10,1397
0,9696
0,0000
0,0000
3,0011
0,7437
4,7777
0,7498
1,2421
0,8389
1,9219
4,4756
6,4290
9,4619
0,0000
0,8323
0,0000
0,0000
2,7059
0,0000
0,0000
0,0000
0,0000
0,0000
0,0000
2,1273
0,0000
0,0000
0,0000
10,3518
0,0000
0,0000
1,8206
13,1343
0,0000
0,0000
8,8778
12,4757
12,3190
29,4010
0,0000
4,4228
11,7272
36,2667
48,4070
34,3607
3,3377
27,2319
15,4272
9,3062
19,3187
28,8183
40,8696
1,3503
1,5438
0,9317
2,8634
12,2636
17,8825
8,9440
23,0430
0,0000
2,5966
3,2329
32,8458
13,7855
2,3118
9,2324
0,0000
36,3676
64,7375
14,2785
1,8362
0,8617
24,9983
0,0000
0,0000
0,0000
1,0702
0,0000
0,0000
0,0000
3,2795
0,0000
0,0000
3,0962
0,0000
22,9750
6,4674
3,5583
0,0000
4,6179
5,0737
17,3693
25,4189
3,8111
0,0000
0,0000
0,0000
0,0000
33,4618
35,7426
0,0000
2,0224
15,4076
18,5433
0,0000
5,9040
14,2308
0,0000
6,7022
0,0000
0,0000
0,0000
0,0000
0,0000
0,0000
0,0000
0,0000
0,8333
0,0000
0,0000
2,2614
0,0000
0,0000
0,0000
0,0000
3,9930
7,8407
23,9796
4,6248
0,0000
0,0000
0,0000
12,6462
15,3941
14,7575
0,0000
0,0000
0,8661
0,7452
0,7451
0,0000
0,0000
0,9207
45,3594
7,2695
8,8631
2,1248
3,4869
4,5525
2,4510
1,0510
1,5076
2,3780
0,0000
0,9211
3,9324
0,0000
0,0000
0,0000
0,0000
0,0000
0,8505
0,0000
0,0000
0,0000
0,0000
0,0000
0,0000
6,6402
0,0000
0,0000
0,0000
0,0000
0,0000
0,0000
2,3633
8,4514
15,3145
5,0548
10,1789
0,0000
0,9752
0,0000
0,0000
2,9609
0,0000
0,0000
0,0000
0,0000
0,0000
6,3706
7,3471
1,3665
0,0000
0,0000
5,2504
10,9938
5,0942
8,0116
1,6601
0,0000
3,7186
20,3090
8,5184
8,0914
15,2127
0,0000
0,0000
0,0000
0,0000
22,3074
25,1555
11,6693
0,0000
0,0000
23,8811
0,7437
0,0000
0,0000
10,9512
1,0527
0,0000
0,0000
0,0000
0,0000
0,7457
0,0000
2,5637
1,6479
2,1628
4,4463
15,3141
1,3364
1,9373
74,5513
28,8737
16,1652
72,7637
43,8405
57,8013
71,8583
18,2333
33,7947
25,4106
3,0494
1,6993
9,7660
0,9616
74,1255
61,1783
28,1821
20,1077
20,2060
0,9519
1,1570
0,7402
0,0000
2,4829
1,6442
3,7021
0,0000
0,0000
0,0000
0,0000
0,9255
1,5688
0,0000
0,0000
0,0000
0,0000
0,0000
1,7934
0,0000
0,0000
0,0000
0,0000
0,0000
0,0000
7,9559
23,7524
4,8649
0,0000
0,0000
0,0000
0,0000
0,9203
2,4427
0,0000
0,0000
1,0198
3,0635
0,0000
0,0000
0,0000
0,0000
1,2259
0,0000
1,3577
13,9986
1,3831
2,0339
6,7879
0,8583
0,0000
0,9630
0,8751
0,0000
2,2262
19,5098
2,0402
0,0000
39,1935
11,8960
18,9086
0,0000
0,0000
0,0000
0,0000
0,0000
0,0000
0,0000
0,0000
0,0000
0,0000
0,0000
1,2307
0,0000
0,0000
0,0000
0,0000
30,1853
18,1907
37,5228
9,6547
134,5579
17,4931
173,4347
2,6120
0,0000
0,0000
0,0000
0,0000
0,0000
0,0000
0,0000
0,0000
0,0000
0,0000
0,0000
0,0000
0,0000
0,0000
0,0000
0,0000
0,0000
0,0000
0,0000
0,0000
0,0000
0,0000
0,0000
0,0000
0,0000
0,0000
0,0000
0,0000
0,0000
0,0000
0,0000
0,8780
0,0000
0,0000
0,0000
0,0000
0,0000
0,0000
0,9299
0,9322
1,0353
0,0000
0,0000
0,0000
0,0000
0,0000
0,0000
0,0000
0,0000
0,0000
0,8750
0,0000
0,0000
0,0000
0,0000
0,0000
0,0000
0,0000
0,8750
1,4235
2,5298
0,0000
0,8755
0,0000
0,0000
0,0000
2,1020
0,0000
0,9840
1,7203
2,2831
0,0000
0,0000
0,0000
0,0000
0,0000
0,8750
0,0000
0,8750
0,8750
1,7783
1,6039
4,2403
0,0000
3,6703
0,0000
0,0000
0,0000
0,8750
0,0000
0,0000
3,5828
0,0000
0,0000
2,0182
3,7503
0,0000
0,0000
0,0000
0,0000
1,8529
0,0000
0,8750
0,8750
0,0000
0,0000
0,0000
1,0700
0,8750
1,8364
0,0000
0,8750
0,0000
0,8750
0,8750
2,4240
1,0588
6,1476
2,0980
0,0000
0,0000
0,8750
0,0000
0,8750
0,0000
5,1567
0,0000
2,9446
0,0000
0,0000
0,8569
0,0000
1,0535
2,0484
0,0000
0,0000
0,0000
0,0000
1,2534
1,3327
2,7378
8,7879
0,0000
0,0000
0,0000
0,0000
0,9608
0,0000
0,0000
0,0000
0,0000
0,0000
0,0000
0,0000
2,2350
3,3596
12,6403
0,0000
0,0000
0,0000
0,0000
0,0000
2,8670
0,0000
7,8175
31,3925
0,8750
5,0988
15,4647
41,7260
0,0000
0,0000
2,5283
9,0104
17,5860
29,3645
50,1608
0,0000
2,6750
13,8112
48,3482
2,8094
15,9458
47,1713
0,0000
4,7274
53,0542
38,8250
0,0000
0,0000
0,0000
0,0000
0,0000
0,8750
0,8750
0,0000
0,0000
0,0000
0,0000
0,0000
0,0000
0,0000
0,0000
0,0000
0,0000
0,0000
0,0000
0,0000
1,5318
0,0000
0,0000
0,0000
0,0000
0,0000
0,0000
0,0000
0,0000
0,0000
0,0000
0,0000
0,0000
0,8750
0,0000
0,0000
0,0000
0,0000
0,0000
0,8962
0,0000
0,0000
0,0000
0,0000
1,3656
0,0000
0,0000
0,0000
0,0000
0,0000
0,0000
0,0000
0,0000
0,0000
0,0000
0,0000
0,0000
0,0000
0,0000
0,0000
0,0000
0,0000
0,0000
0,0000
0,0000
0,0000
0,0000
0,0000
0,0000
0,0000
0,0000
0,0000
0,0000
0,0000
0,0000
0,0000
0,0000
0,8750
0,0000
0,8750
0,8632
1,2157
0,0000
1,0699
1,3598
0,0000
2,1621
0,0000
0,0000
0,0000
0,0000
0,0000
1,2906
1,5191
1,4111
0,0000
0,0000
0,0000
0,0000
0,0000
0,0000
0,0000
0,8701
0,0000
0,0000
0,0000
0,0000
0,0000
0,0000
0,0000
0,0000
0,0000
0,8750
1,2266
1,7383
1,8527
0,0000
0,9524
0,0000
0,0000
0,0000
0,0000
0,0000
0,0000
1,1267
0,0000
0,0000
0,0000
0,0000
6,7008
0,0000
0,0000
0,0000
0,0000
0,0000
0,0000
0,0000
0,0000
0,9767
0,9147
1,3481
0,0000
0,0000
0,0000
0,0000
0,0000
6,2784
0,0000
0,0000
0,8750
3,8836
0,0000
0,0000
0,0000
0,0000
4,9276
0,0000
0,0000
1,6885
3,9166
2,9209
6,2103
0,0000
0,0000
0,8750
0,0000
0,0000
0,0000
0,0000
0,0000
0,0000
0,0000
0,0000
0,0000
0,0000
0,0000
0,8390
0,0000
0,0000
0,0000
0,0000
0,0000
0,0000
0,0000
0,0000
0,0000
0,0000
0,0000
0,0000
10,1666
11,4877
0,0000
0,0000
0,0000
0,0000
0,0000
0,0000
1,9154
0,0000
0,8803
0,0000
0,0000
0,8421
0,0000
0,0000
0,0000
0,0000
0,0000
0,0000
0,0000
0,0000
0,0000
0,0000
1,4059
0,0000
0,0000
0,0000
0,0000
0,0000
5,5754
0,0000
0,0000
0,0000
0,0000
0,0000
0,0000
0,0000
0,0000
0,0000
0,0000
17,0853
0,0000
0,0000
0,0000
0,0000
0,0000
0,0000
1,0296
0,0000
0,0000
0,8246
0,0000
1,4919
0,0000
0,0000
0,0000
0,0000
0,0000
0,0000
0,0000
0,0000
0,0000
0,0000
0,0000
0,0000
0,0000
0,0000
1,2253
0,0000
1,1358
0,8750
1,3936
0,0000
26,8982
6,9577
2,8983
0,0000
18,5435
0,0000
0,0000
22,3429
44,8384
0,0000
0,0000
0,0000
0,0000
0,0000
4,6113
0,0000
0,0000
1,8119
0,0000
0,0000
0,0000
0,0000
0,0000
0,0000
0,0000
0,0000
0,0000
5,0339
3,9296
35,0945
7,3242
0,0000
1,0388
0,0000
7,5673
1,7104
73,7694
67,7569
0,0000
0,0000
0,0000
0,0000
4,0538
13,4500
23,0248
37,0818
52,4270
64,9421
75,9158
77,9350
0,0000
10,9003
39,3506
76,6963
8,8991
12,8999
7,0434
7,2839
47,8226
1,5531
0,0000
0,0000
15,0885
4,5318
16,2221
30,0958
0,0000
0,0000
0,0000
0,0000
104,6728
86,1054
9,5417
4,2299
190,9523
1,5343
39,0134
89,0602
2,4404
132,9537
0,0000
3,9701
0,0000
0,8750
13,0719
0,0000
11,4267
0,0000
0,9242
0,8426
1,3122
0,0000
0,0000
2,0000
0,0000
0,0000
0,0000
0,0000
0,0000
0,0000
0,0000
0,0000
0,0000
0,0000
0,0000
0,0000
0,0000
0,0000
0,8785
0,0000
0,0000
0,0000
0,0000
0,0000
4,4665
6,2988
0,0000
0,0000
0,0000
0,0000
0,0000
1,3184
0,0000
0,8694
0,8743
0,0000
0,0000
0,0000
0,0000
0,0000
0,0000
0,0000
0,0000
0,0000
0,0000
0,0000
0,0000
0,0000
0,0000
0,0000
0,0000
0,0000
0,0000
0,0000
0,0000
0,0000
0,0000
0,0000
0,9172
5,7533
0,8750
1,1212
0,0000
0,0000
0,0000
0,0000
0,0000
0,0000
0,0000
0,0000
0,0000
0,0000
0,0000
0,0000
0,0000
0,0000
0,0000
0,0000
10,3346
3,3574
191,5828
75,2587
0,0000
0,0000
0,0000
1,1657
0,0000
0,0000
0,0000
0,0000
0,0000
0,0000
0,0000
0,0000
0,0000
0,0000
0,0000
0,0000
0,0000
0,0000
0,0000
0,0000
0,0000
0,7969
0,0000
0,0000
0,0000
3,4488
2,7016
2,2203
3,8218
2,9432
0,8164
0,0000
0,0000
0,0000
0,0000
0,0000
0,0000
0,0000
0,0000
0,0000
0,0000
0,0000
0,0000
0,0000
0,0000
0,0000
0,0000
1,7928
0,0000
0,0000
0,0000
0,0000
0,0000
0,0000
7,7267
0,0000
0,0000
0,0000
0,0000
0,0000
0,0000
0,0000
0,0000
0,0000
1,5389
3,5218
8,7793
0,8032
0,0000
0,0000
0,0000
0,0000
0,0000
0,0000
0,0000
0,0000
0,0000
0,0000
0,0000
0,0000
0,0000
0,0000
0,0000
0,0000
0,0000
0,0000
0,0000
0,0000
0,0000
0,0000
9,0175
0,0000
0,0000
0,0000
0,0000
0,0000
0,0000
0,0000
0,0000
0,0000
0,0000
0,0000
0,0000
0,0000
0,0000
0,0000
0,0000
0,0000
0,0000
0,0000
0,0000
0,0000
0,0000
0,0000
0,0000
0,0000
0,0000
0,0000
0,0000
0,0000
0,0000
0,0000
0,0000
0,0000
6,4356
0,0000
13,0917
0,0000
0,0000
1,1830
0,0000
0,0000
0,0000
0,0000
0,0000
0,0000
0,0000
0,0000
0,0000
0,0000
0,0000
0,0000
0,0000
0,0000
0,0000
0,0000
0,0000
0,0000
0,0000
0,0000
0,0000
0,0000
0,0000
0,0000
0,0000
0,7863
0,0000
0,0000
0,0000
0,0000
0,0000
0,0000
6,4289
0,0000
1,6306
0,0000
0,0000
28,1382
0,0000
9,2860
0,0000
0,0000
0,0000
21,3384
21,2018
0,0000
0,0000
0,0000
0,0000
0,8009
0,0000
0,0000
0,0000
0,0000
0,0000
0,0000
68,8007
1,7600
13,3972
23,4093
35,3503
46,6638
57,7918
0,0000
0,0000
0,0000
0,0000
0,0000
1,7705
0,0000
4,8816
3,4743
13,0741
0,0000
13,7991
0,0000
30,9259
0,0000
26,8690
1,0144
40,5930
38,8826
36,0148
47,7063
7,5075
0,0000
0,0000
0,0000
0,0000
2,0072
2,0615
0,0000
0,0000
0,0000
0,0000
38,4098
79,2877
0,0000
16,9872
0,0000
38,0709
63,5797
76,5361
62,6000
40,5679
0,0000
0,0000
0,0000
0,0000
2,8896
0,0000
4,3330
32,1877
2,7469
40,7102
0,7989
38,6659
98,1850
51,2637
31,6849
33,1140
0,8005
11,3597
6,8754
0,8073
4,2400
1,8734
0,0000
65,7235
93,2864
10,4613
27,0679
42,2459
60,0308
84,7111
125,4721
103,8684
61,7653
0,0000
0,0000
20,4121
32,3272
68,0361
4,9870
40,5296
52,5244
42,2052
42,6836
9,0691
87,1688
0,0000
65,0391
3,9118
18,1350
36,6563
58,7907
85,5175
107,0519
165,1306
159,2299
83,7776
2,2152
29,2357
119,9739
172,6616
0,0000
0,0000
0,0000
0,0000
0,0000
0,0000
0,0000
0,0000
1,6530
5,7951
4,2778
13,3187
11,8886
236,8519
0,0000
78,7161
114,6649
176,2557
29,7374
7,1623
0,0000
0,0000
0,0000
0,0000
0,9569
0,0000
0,0000
0,0000
0,0000
0,0000
0,0000
0,0000
0,0000
0,0000
0,0000
0,0000
0,0000
0,0000
0,0000
0,0000
0,0000
0,0000
0,0000
0,0000
0,0000
0,0000
3,2319
0,0000
0,0000
0,0000
0,0000
0,0000
0,0000
0,0000
0,0000
0,0000
0,0000
0,0000
0,0000
0,0000
0,0000
0,0000
0,0000
0,0000
0,0000
0,0000
0,0000
0,0000
0,0000
0,0000
0,0000
0,0000
0,0000
0,0000
0,0000
0,0000
0,0000
0,0000
0,0000
0,0000
13,7842
0,0000
17,7231
0,0000
10,2356
0,0000
0,0000
0,0000
0,0000
0,0000
0,0000
0,0000
0,0000
0,0000
0,0000
0,0000
0,0000
2,3697
0,0000
0,0000
0,0000
0,0000
0,0000
0,0000
0,0000
0,0000
2,2871
0,0000
0,0000
0,0000
0,0000
0,7614
0,0000
0,0000
11,6851
0,0000
0,0000
0,0000
4,5996
0,0000
3,9824
31,1691
15,1967
55,3547
0,0000
0,0000
0,0000
0,0000
0,0000
0,0000
0,0000
0,0000
0,0000
2,4313
0,0000
0,0000
51,2395
47,9540
22,5061
31,0588
36,1059
0,0000
0,0000
0,0000
2,0398
0,0000
0,0000
4,9869
0,0000
0,0000
4,8049
1,0999
0,0000
0,0000
0,0000
0,0000
14,8563
1,5445
1,1072
54,5424
61,0863
0,8135
43,2034
17,7405
0,0000
12,8699
11,1816
8,6490
0,0000
0,0000
0,0000
0,0000
1,3510
0,0000
43,5352
0,0000
7,9503
85,0218
24,8568
0,0000
7,1459
4,6161
0,0000
0,0000
2,1614
7,1897
4,6875
3,7624
0,0000
1,9186
3,7683
4,0948
6,1520
15,8421
24,9632
16,3764
2,6888
1,9577
38,4717
65,3518
71,4983
77,9507
0,8481
25,9133
40,1003
34,0622
28,6638
15,2218
3,0864
3,2947
0,0000
0,0000
1,8965
0,0000
83,5429
133,4152
156,7415
28,1919
138,5822
85,8756
104,7795
110,8004
46,1371
25,2696
0,0000
4,0732
0,8122
1,3803
19,6139
0,0000
0,0000
0,0000
0,0000
0,0000
25,4983
15,3881
34,0593
46,9319
46,7728
12,7459
82,5168
86,3642
12,5483
77,7231
124,1794
33,0436
25,3356
0,8317
6,9888
19,2057
20,9607
126,1555
157,4801
3,3719
24,0130
46,0058
73,0508
79,4535
175,1163
105,3995
9,0528
2,9852
102,2096
114,9666
105,6249
0,0000
13,6175
0,0000
0,0000
0,0000
0,0000
0,0000
4,0873
2,0837
0,0000
10,4125
9,9397
32,7091
218,1803
139,9367
137,3599
130,9445
152,5294
32,2087
0,0000
144,2873
234,8173
20,5853
48,8173
74,5569
89,5145
148,0885
81,9814
3,3271
0,0000
1,9787
0,0000
0,0000
0,0000
0,0000
0,0000
0,0000
0,7527
0,0000
0,0000
0,0000
0,0000
0,0000
0,0000
0,0000
0,0000
0,0000
0,7581
0,0000
0,0000
0,0000
0,0000
0,0000
0,0000
0,0000
0,0000
0,0000
0,0000
0,0000
0,0000
0,0000
0,0000
0,0000
0,0000
0,0000
0,0000
0,0000
6,4619
9,1301
12,7353
18,0216
0,0000
0,0000
0,0000
0,0000
0,0000
0,0000
0,0000
0,0000
0,0000
0,0000
0,0000
1,4072
25,1948
4,4473
6,2826
0,0000
0,0000
0,0000
0,0000
0,0000
0,0000
2,0994
0,0000
0,0000
2,8678
0,0000
0,8505
0,0000
10,8872
20,5714
24,9186
0,8803
0,8691
29,5196
20,4340
0,7562
0,0000
6,0990
1,8737
0,0000
0,0000
1,3650
1,1452
0,0000
52,0573
3,9045
9,8543
61,6089
25,8930
31,4400
51,8879
18,5123
12,0201
0,0000
5,2656
0,0000
3,4439
2,8313
2,2470
1,4864
0,9409
1,2016
1,5678
2,8265
14,9536
34,5501
19,6433
48,5109
1,5861
0,7890
1,0874
0,9883
15,2506
92,6169
10,7613
5,2145
18,1661
1,3301
0,7739
1,4913
0,0000
0,0000
0,0000
0,8782
69,8351
2,5529
87,4681
139,1397
41,4968
72,9664
56,7013
34,2276
8,6322
1,3111
16,7898
16,7191
10,5863
7,9824
7,2531
6,1700
3,4796
4,8129
4,9148
11,9988
11,9160
29,6221
4,0180
14,0832
87,7706
1,5519
1,1662
60,6735
0,9448
124,3482
0,0000
0,8750
21,8610
5,2359
0,8879
0,0000
0,0000
2,2735
18,6499
19,0391
109,9752
207,5148
21,5620
18,3013
66,3156
0,0000
13,8145
19,9519
16,8427
19,1459
7,5192
194,1490
0,0000
0,0000
0,0000
0,0000
0,0000
0,0000
0,0000
12,6887
8,4150
0,0000
0,0000
26,9254
25,9143
55,4124
8,0471
188,8548
193,6474
1,2550
160,8326
9,0808
243,2216
54,4768
76,8320
125,4983
109,8549
141,4378
66,7067
7,2702
0,0000
0,0000
0,0000
0,0000
0,0000
0,0000
0,0000
0,0000
0,0000
0,0000
0,0000
0,0000
0,0000
0,0000
0,0000
0,0000
3,7369
0,0000
0,0000
1,3798
0,0000
0,7518
0,0000
0,0000
1,3068
0,0000
0,0000
0,0000
15,2713
0,0000
0,0000
0,0000
1,9588
1,5723
0,0000
1,7109
0,7409
3,2544
6,6576
1,4454
17,1143
1,1832
0,9290
29,6351
13,3842
0,0000
5,3816
6,4761
0,0000
0,0000
0,0000
0,0000
0,0000
0,0000
2,9220
36,6505
38,6298
28,1852
26,9359
20,8374
18,4667
12,0552
8,0745
3,1642
0,0000
4,7082
2,1246
0,8961
0,9619
2,5878
14,5748
22,1072
43,0664
36,7403
58,1782
46,1790
25,4728
10,3032
15,4282
4,5635
0,7497
0,0000
0,0000
2,0675
0,0000
4,5978
77,5617
72,9771
76,2249
67,8026
52,9992
39,9977
35,3051
15,2631
6,9529
1,4843
15,8276
13,6710
8,1507
7,7920
5,9995
3,4003
2,7131
1,0299
5,8953
6,8249
17,5134
49,1434
34,9823
3,2498
2,3332
1,9698
1,6119
1,4616
9,7626
131,7812
39,3612
1,5137
18,5538
3,6879
2,6157
6,7230
2,3024
6,7419
2,2978
20,5246
156,0139
213,3914
164,6412
114,2613
137,9642
105,1098
88,8489
34,4906
6,0859
0,7756
0,0000
0,0000
0,0000
0,0000
0,0000
0,0000
0,0000
35,3146
0,7368
0,0000
11,4931
11,8370
0,0000
16,4865
94,1997
159,1382
0,0000
6,4607
13,9726
156,8508
136,2448
0,0000
82,5922
0,0000
0,0000
4,5864
4,8367
0,0000
8,5468
0,0000
0,0000
0,0000
0,9182
0,8871
2,3395
0,0000
0,0000
0,9451
3,7125
3,3098
6,5749
10,0853
5,1834
0,9199
0,8015
2,6621
0,0000
0,0000
0,0000
0,0000
0,9320
13,1232
6,9975
7,2763
0,8299
6,0195
2,7459
1,7200
2,8737
2,1268
4,3944
10,0606
15,6608
23,6064
1,2423
31,9176
37,0478
19,9581
2,6136
1,7889
4,1745
5,4426
3,9814
0,0000
2,7103
2,6222
0,7457
51,0164
0,9466
51,7649
0,8557
27,6084
21,1823
23,0118
10,8314
3,7299
1,7029
13,8443
11,1372
6,2200
4,4633
1,8849
15,9659
16,9381
21,1775
27,9960
82,4410
1,6931
89,4728
39,3463
4,1000
20,2754
3,9497
6,1304
5,4192
6,7560
9,5420
20,3101
15,2484
95,6837
91,8856
73,1021
69,9787
71,9619
47,4016
74,5595
0,8086
18,2011
1,3644
0,0000
0,0000
0,0000
0,0000
0,0000
0,0000
0,7716
0,0000
117,5404
209,1175
0,0000
0,0000
2,1204
6,0659
16,8323
1,3867
2,4606
7,3308
0,9326
12,4956
6,9444
3,4230
2,1120
0,8180
3,8866
2,1723
4,5744
16,4358
13,0757
1,6074
21,3905
1,2138
2,0557
1,7762
5,9644
0,9674
1,5228
23,7390
20,3253
8,3227
8,7491
0,7372
10,0770
10,3644
6,8769
0,7521
6,5203
7,9439
29,8181
18,6292
55,9650
57,6573
2,3564
77,2187
10,0376
8,7785
0,7897
5,9574
8,2787
12,9539
1,0515
7,0793
28,3359
8,8152
149,1228
56,9534
43,7529
42,6824
32,2223
50,8199
14,0167
4,1130
9,7000
17,0689
3,8411
1,2490
2,5967
0,7691
12,3326
10,9012
2,2011
8,3236
10,3837
1,0492
14,0032
4,5612
9,8183
2,3318
13,8891
11,3641
1,0182
5,4861
4,5400
14,7209
2,8048
10,7650
28,7833
28,5413
2,1100
29,0499
43,7822
22,4561
32,1620
2,8560
15,2265
26,3333
35,9470
146,3147
47,1664
3,4813
21,6681
2,8868
1,0938
2,7900
2,5992
5,5446
6,6423
2,8102
14,3197
37,7026
22,2826
9,8258
79,2873
0,0000
62,4172
18,5619
0,0000
0,0000
7,2637
13,1506
0,0000
0,0000
0,0000
25,0316
25,6490
36,0461
51,5319
50,3119
72,2703
103,8281
130,9298
75,8495
66,0671
0,0000
33,1106
0,0000
0,0000
0,0000
6,4912
0,0000
0,0000
0,0000
0,0000
86,7226
54,5524
47,0019
37,1564
17,3756
18,2059
14,7210
0,8071
16,2075
1,6287
4,1712
3,0525
0,9673
1,6786
0,0000
0,0000
0,0000
0,0000
0,0000
0,0000
0,0000
0,0000
0,0000
0,0000
0,0000
0,0000
0,0000
8,0060
0,0000
9,4754
14,5105
11,4541
0,0000
0,0000
3,8774
4,2539
6,2784
0,0000
0,0000
0,0000
0,0000
0,0000
10,7962
5,5945
0,0000
15,3689
9,2614
17,1790
1,3253
11,7151
2,9518
0,0000
0,0000
27,9795
2,2022
4,5510
0,0000
39,9095
15,3624
0,0000
0,0000
0,0000
74,1768
77,9336
90,3944
41,6660
11,8318
62,1382
0,9468
13,8981
0,0000
58,8823
15,1833
18,1624
63,1992
12,0986
0,0000
73,9699
0,0000
72,6089
38,8598
39,8151
5,6555
13,0862
1,5937
3,4935
18,5371
3,8667
0,7708
29,3688
3,7811
13,4854
15,3108
24,8814
6,1261
0,0000
0,0000
0,0000
0,0000
0,0000
0,0000
0,0000
0,0000
0,0000
0,0000
0,0000
0,0000
0,0000
0,0000
0,0000
0,0000
2,5372
0,0000
0,0000
1,0698
0,0000
0,0000
1,0381
11,1531
18,1639
0,9360
0,7763
7,3311
6,0630
30,9571
0,8367
0,0000
0,7568
0,0000
4,5641
4,1413
0,0000
20,2609
27,4974
19,6353
29,9022
20,7194
12,7874
27,6183
32,5844
43,5685
0,0000
0,0000
0,0000
0,0000
14,3225
0,0000
12,9494
0,0000
4,4822
0,0000
0,0000
13,2745
0,0000
0,0000
11,6780
0,0000
0,0000
0,0000
0,0000
0,0000
1,5543
0,0000
1,3818
1,1121
1,0542
0,0000
0,0000
0,0000
5,2897
0,0000
4,0026
4,4057
0,9326
0,0000
0,0000
0,0000
0,0000
0,0000
0,0000
0,0000
0,8750
11,3692
2,1508
0,7443
4,7886
2,5282
0,0000
0,0000
0,0000
11,5466
0,0000
0,0000
0,0000
0,8384
10,5839
14,8448
5,6861
0,0000
0,0000
0,0000
0,0000
0,0000
0,0000
13,9616
15,1794
0,0000
0,0000
0,0000
0,0000
0,0000
20,2034
22,5836
0,0000
0,0000
0,0000
0,0000
10,3585
0,0000
0,0000
0,8826
0,0000
0,0000
37,3176
31,1440
28,8139
0,0000
0,0000
0,0000
0,0000
0,0000
0,0000
0,0000
0,0000
0,0000
1,7892
0,7906
12,7463
0,7878
3,6603
0,0000
0,0000
0,8389
12,8125
3,7328
7,0908
0,8750
6,6396
0,0000
0,0000
0,0000
0,0000
0,0000
0,0000
0,0000
6,5818
0,0000
0,0000
12,4371
1,0805
0,7550
0,7881
0,0000
0,0000
31,5008
0,0000
0,0000
0,0000
0,0000
0,0000
1,9044
0,0000
0,0000
0,0000
0,0000
0,0000
0,0000
0,0000
0,0000
0,0000
0,0000
48,7740
0,0000
0,0000
0,0000
0,0000
0,0000
0,0000
0,0000
0,0000
0,0000
0,0000
0,0000
0,0000
38,0038
0,0000
0,0000
0,0000
0,0000
0,0000
0,0000
3,2413
0,0000
0,0000
0,7806
0,8785
0,0000
0,0000
0,0000
0,0000
0,0000
0,0000
0,0000
0,0000
0,0000
0,0000
0,0000
0,0000
0,0000
0,0000
1,0601
0,0000
1,3380
0,0000
0,0000
0,0000
0,0000
0,0000
0,8037
0,0000
0,0000
0,0000
0,0000
0,0000
0,0000
0,0000
0,0000
0,0000
0,0000
0,0000
7,2839
0,0000
0,0000
0,0000
0,0000
0,0000
2,0626
3,4368
0,0000
0,0000
0,0000
0,0000
7,4085
0,0000
0,0000
0,0000
0,0000
0,0000
0,0000
5,0652
0,0000
0,0000
0,8750
0,0000
0,0000
0,0000
0,0000
15,2704
0,0000
0,0000
24,1733
0,0000
0,0000
0,0000
0,0000
0,0000
0,0000
0,0000
0,0000
16,7676
0,0000
0,0000
0,0000
0,0000
0,0000
0,0000
0,0000
0,0000
4,0085
0,0000
1,5774
5,5144
0,0000
0,0000
0,7983
0,0000
0,0000
0,0000
0,0000
0,0000
0,7751
0,0000
0,0000
0,0000
0,9981
0,0000
0,0000
0,0000
0,0000
0,0000
0,0000
0,0000
0,0000
0,0000
0,0000
0,0000
0,0000
31,5678
0,0000
0,0000
0,0000
0,0000
0,0000
0,0000
0,0000
0,0000
0,0000
6,0550
0,0000
0,0000
0,0000
0,0000
19,4213
0,0000
0,0000
0,0000
0,0000
0,0000
0,0000
0,0000
0,0000
0,0000
0,0000
0,0000
0,0000
0,0000
0,0000
0,0000
0,0000
0,0000
0,0000
0,0000
5,3988
0,9519
0,0000
3,6884
0,0000
3,6792
0,8959
1,2962
0,0000
6,8526
0,0000
1,0426
0,0000
0,7646
2,1217
1,1836
0,0000
0,0000
1,2605
0,0000
0,0000
0,0000
3,2836
1,3420
0,0000
0,0000
3,7874
11,0375
5,2830
0,9510
6,8337
0,0000
0,0000
0,0000
7,3175
0,0000
0,0000
0,0000
4,4262
1,7334
0,9665
0,0000
0,0000
0,0000
0,0000
0,0000
0,0000
0,0000
2,8751
0,0000
0,0000
0,0000
0,0000
0,0000
0,0000
40,2709
22,6506
28,6662
24,2680
7,2789
72,2145
0,8257
1,2523
1,5915
0,0000
0,0000
0,0000
0,0000
0,8617
0,0000
1,2336
0,0000
0,0000
0,8523
0,0000
10,0153
0,0000
0,0000
0,0000
1,3893
0,0000
7,1483
11,1011
6,8582
5,4792
2,5420
0,0000
0,8750
0,0000
13,1314
3,6731
0,7630
0,0000
0,0000
1,3746
0,0000
0,0000
0,0000
0,0000
0,0000
0,0000
0,0000
1,5625
0,0000
0,0000
0,0000
0,0000
0,0000
0,0000
4,2225
0,0000
0,0000
8,0958
2,3238
0,0000
0,0000
0,0000
0,0000
0,0000
0,0000
0,0000
0,0000
1,9970
0,0000
0,0000
0,0000
0,0000
0,8750
0,0000
0,0000
3,9589
0,0000
1,8986
0,0000
0,0000
0,0000
0,0000
0,0000
0,0000
0,0000
0,0000
0,0000
2,9037
0,8750
0,0000
3,0045
3,2533
0,0000
0,0000
0,0000
0,0000
0,0000
0,0000
0,0000
0,0000
1,4015
0,8608
0,8750
0,9514
0,8393
4,6986
0,0000
6,1280
3,5281
0,9397
6,8305
0,8660
1,2559
0,8750
0,0000
0,0000
0,8750
0,0000
0,8726
0,8750
0,0000
0,0000
0,0000
0,0000
0,0000
0,8400
0,8291
0,0000
0,0000
0,0000
0,0000
0,0000
0,0000
0,0000
1,5324
0,0000
0,8750
0,0000
0,8750
0,0000
0,0000
1,1641
1,9085
0,8750
0,0000
1,4291
0,0000
0,0000
0,0000
1,9991
0,0000
0,8750
0,0000
0,0000
0,0000
0,0000
0,0000
0,0000
0,0000
0,0000
0,0000
0,0000
0,0000
0,0000
0,0000
0,0000
0,0000
0,0000
0,0000
0,0000
0,0000
0,0000
0,0000
0,0000
0,0000
0,0000
0,0000
0,0000
0,0000
0,0000
0,0000
0,0000
0,0000
0,0000
3,0627
0,0000
0,0000
1,8137
0,0000
1,3773
1,0732
0,0000
1,0513
0,0000
0,0000
0,9901
0,0000
0,8519
0,0000
0,0000
1,3732
0,8686
0,0000
0,8750
0,0000
0,0000
0,0000
0,0000
0,8155
0,0000
0,0000
0,0000
0,0000
0,0000
0,0000
0,0000
0,0000
0,0000
0,0000
0,0000
0,0000
0,0000
0,0000
0,0000
0,0000
0,0000
0,0000
0,0000
0,0000
0,0000
0,0000
0,0000
0,0000
0,0000
0,0000
0,0000
0,0000
0,0000
0,0000
0,0000
0,0000
0,0000
0,0000
0,0000
0,0000
0,0000
0,0000
0,0000
0,0000
7,9856
2,8088
3,7789
5,2736
2,3681
5,1400
1,7754
1,9273
0,7587
17,8242
1,8264
1,1909
1,1082
16,3516
4,2183
0,0000
1,0045
0,0000
4,0949
0,0000
0,0000
0,0000
0,0000
1,6431
0,0000
0,0000
1,0515
0,0000
0,0000
2,4175
0,0000
0,0000
0,0000
0,0000
0,0000
0,0000
0,0000
0,0000
0,0000
0,0000
0,0000
0,9736
0,0000
0,0000
0,0000
1,3548
0,0000
1,1559
0,0000
0,8753
0,0000
0,0000
0,0000
0,0000
0,0000
0,0000
0,0000
0,0000
0,0000
0,0000
0,0000
0,0000
0,0000
0,0000
0,0000
0,0000
0,8750
0,0000
0,8750
0,0000
0,0000
0,0000
0,0000
0,0000
0,0000
0,0000
0,0000
0,0000
0,0000
0,0000
0,0000
0,0000
0,0000
0,0000
0,0000
0,0000
0,0000
0,0000
0,0000
0,0000
0,0000
0,0000
0,0000
0,0000
0,0000
0,0000
0,0000
0,0000
0,0000
0,0000
0,0000
0,0000
0,0000
0,0000
0,0000
0,8750
0,0000
0,0000
1,2307
0,8298
0,0000
0,0000
0,0000
0,0000
0,0000
0,0000
0,0000
0,8750
0,0000
0,8537
0,0000
1,4108
0,0000
0,8750
0,0000
0,0000
0,0000
0,0000
0,0000
0,0000
0,0000
0,0000
0,0000
0,0000
0,0000
0,0000
0,0000
0,0000
0,0000
0,0000
0,8750
0,0000
0,0000
1,2863
0,0000
0,0000
0,0000
0,0000
0,0000
0,0000
0,0000
0,0000
0,0000
0,0000
0,0000
0,0000
0,0000
0,9365
0,0000
0,0000
0,0000
0,0000
0,0000
0,0000
0,8750
0,0000
5,8539
3,1294
12,1771
5,2986
3,9563
4,5846
8,0713
0,9277
1,7226
14,0693
4,8544
2,0412
0,7671
8,4008
5,8176
0,0000